CONTROLLER_FLAG,SL_PWM,U,SL_position,SL_speed,ARM_position,Distance,Sprung_acceleration_x
100,815.94,90.00,89.34,0.00,-0.81000,0.00000,10.08
100,815.94,150.34,90.15,0.39,0.00000,18.52800,0.15
100,815.94,150.34,92.52,1.62,0.00000,18.57960,-0.08
100,815.94,150.34,95.89,3.44,0.00000,18.51080,0.03
100,815.94,150.34,100.01,3.44,0.00000,18.51080,0.03
100,815.94,150.34,105.05,4.79,-0.09000,18.52800,0.18
100,815.94,150.34,110.25,5.81,-0.09000,18.47640,0.20
100,815.94,150.34,116.12,6.56,-0.09000,18.52800,0.57
100,815.94,150.34,122.63,7.18,-0.18000,18.52800,-0.06
100,815.94,150.34,129.75,7.18,-0.18000,42.72840,-0.06
100,815.94,150.34,137.07,7.54,-0.36000,18.56240,0.05
100,815.94,150.34,145.06,8.54,-0.45000,18.21840,1.65
100,815.94,152.68,153.38,8.91,-0.63000,19.19880,-0.16
100,815.94,152.68,162.37,9.69,-0.81000,19.19880,-0.23
100,-815.94,152.68,171.53,9.69,-0.90000,1.50000,-0.23
100,-815.94,152.68,175.38,9.49,-1.26000,18.85480,-1.29
100,-815.94,152.68,174.19,2.56,-1.44000,19.49120,-0.27
100,-815.94,152.68,169.84,-3.51,-1.62000,19.45680,-0.85
100,-815.94,152.68,162.42,-7.47,-1.89000,19.45680,-0.65
100,-815.94,152.68,152.78,-7.47,-2.07000,6.52240,-0.65
100,815.94,152.68,144.08,-10.28,-2.25000,18.83760,-2.00
100,815.94,152.68,140.62,-7.77,-2.25000,19.81800,-2.32
100,815.94,152.68,140.71,-1.58,-2.43000,19.81800,-0.36
100,815.94,88.84,142.99,-1.58,-2.43000,19.81800,-0.36
100,-815.94,88.84,145.98,2.41,-2.52000,19.74920,-0.46
100,-815.94,88.84,144.45,2.60,-2.61000,19.78360,0.08
100,-815.94,88.84,139.45,-3.59,-2.61000,19.56000,-0.55
100,-815.94,88.84,131.29,-7.98,-2.61000,19.56000,0.83
100,-815.94,88.84,120.42,-7.98,-2.61000,1.50000,0.83
100,-815.94,88.84,107.65,-11.40,-2.52000,19.50840,3.07
100,815.94,88.84,94.74,-12.27,-2.34000,19.50840,4.84
100,815.94,88.84,83.82,-12.60,-2.16000,19.76640,-4.17
100,815.94,88.84,78.87,-8.47,-2.16000,18.83760,-2.48
100,815.94,56.91,78.05,-1.91,-2.16000,18.83760,6.37
100,815.94,56.91,79.72,-1.91,-2.16000,18.85480,6.37
100,815.94,56.91,82.84,1.98,-2.25000,18.85480,1.18
100,-815.94,56.91,86.97,4.04,-2.25000,18.83760,-0.90
100,-815.94,56.91,87.42,3.01,-2.25000,19.80080,-1.03
100,-815.94,56.91,83.83,3.01,-2.25000,19.80080,-1.03
100,-815.94,56.91,76.70,-3.57,-2.25000,18.85480,0.32
100,270.05,56.91,66.82,-8.85,-2.07000,18.88920,0.13
100,815.94,56.91,58.89,-10.72,-1.62000,18.85480,-6.67
100,815.94,56.91,56.48,-5.43,-1.26000,19.47400,-4.32
100,815.94,56.91,56.61,-0.38,-1.08000,19.47400,2.12
100,815.94,40.95,58.41,-0.38,-0.90000,18.85480,2.12
100,815.94,40.95,61.53,2.11,-0.90000,18.88920,5.66
100,-815.94,40.95,63.94,4.02,-0.90000,18.90640,1.94
100,-815.94,40.95,61.77,-0.32,-0.99000,18.80320,-1.82
100,-815.94,40.95,56.43,-0.32,-0.99000,18.80320,-1.82
100,815.94,40.95,48.34,-5.73,-0.72000,18.87200,-0.38
100,815.94,40.95,43.05,-9.08,-0.54000,18.85480,-2.26
100,815.94,40.95,42.17,-3.57,-0.18000,18.20120,-1.21
100,815.94,40.95,43.91,1.20,-0.18000,18.20120,1.77
100,815.94,40.95,47.57,1.20,-0.18000,1.89560,1.77
100,-815.94,40.95,49.81,4.24,-0.18000,18.52800,3.30
100,-815.94,40.95,47.31,0.79,-0.27000,19.49120,-0.52
100,815.94,97.98,42.99,-4.73,-0.18000,19.43960,-0.87
100,815.94,97.98,42.17,-4.73,-0.18000,19.43960,-0.87
100,815.94,97.98,43.99,-1.76,-0.18000,18.52800,0.67
100,815.94,97.98,47.82,2.53,-0.27000,18.51080,0.44
100,815.94,97.98,53.05,5.18,-0.27000,19.49120,0.33
100,815.94,97.98,59.39,6.87,-0.36000,19.49120,-0.92
100,815.94,97.98,66.82,6.87,-0.27000,43.65720,-0.92
100,815.94,97.98,74.58,7.86,-0.36000,18.23560,-0.60
100,815.94,97.98,82.69,8.98,-0.36000,18.18400,1.63
100,815.94,97.98,91.01,9.01,-0.36000,18.18400,-0.11
100,815.94,97.98,99.24,9.12,-0.45000,18.18400,-0.29
100,815.94,61.49,107.60,9.12,-0.45000,46.47800,-0.29
100,-815.94,61.49,112.37,8.88,-0.54000,19.14720,-0.81
100,-815.94,61.49,110.89,3.03,-0.63000,19.16440,-0.25
100,-815.94,61.49,105.57,-4.28,-0.54000,19.18160,-1.40
100,-815.94,61.49,96.67,-8.93,-0.63000,19.18160,0.09
100,-815.94,61.49,84.53,-8.93,-0.54000,1.50000,0.09
100,-815.94,61.49,72.00,-12.17,-0.45000,19.25040,4.96
100,815.94,61.49,59.04,-11.92,-0.36000,19.21600,4.65
100,815.94,61.49,49.84,-12.97,-0.27000,18.20120,-5.04
100,815.94,61.49,46.10,-6.63,-0.18000,19.49120,-0.56
100,815.94,43.24,46.14,-6.63,-0.18000,19.49120,-0.56
100,815.94,43.24,48.86,-0.51,-0.18000,18.52800,3.75
100,815.94,43.24,53.36,3.49,-0.27000,18.47640,0.38
100,815.94,43.24,59.05,5.85,-0.27000,19.49120,0.06
100,-815.94,43.24,65.54,7.33,-0.27000,19.49120,-0.57
100,-815.94,43.24,67.51,7.33,-0.36000,39.15080,-0.57
100,-815.94,43.24,64.72,2.67,-0.27000,19.45680,-0.44
100,-815.94,43.24,58.74,-4.38,-0.36000,19.49120,0.72
100,-815.94,43.24,49.62,-8.52,-0.27000,19.49120,0.08
100,815.94,43.24,41.69,-9.73,-0.09000,19.49120,-5.34
100,815.94,43.24,38.62,-9.73,0.09000,1.50000,-5.34
100,815.94,43.24,39.05,-3.51,0.18000,18.52800,0.47
100,815.94,34.11,42.03,1.63,0.18000,18.85480,1.12
100,815.94,34.11,46.76,4.81,0.09000,18.85480,2.79
100,-815.94,34.11,49.97,4.81,0.00000,38.58320,2.79
100,-815.94,34.11,48.21,3.72,0.00000,18.52800,-0.37
100,-815.94,34.11,43.09,-3.28,0.09000,18.52800,-1.09
100,815.94,34.11,35.72,-7.59,0.18000,18.52800,-0.99
100,815.94,34.11,32.57,-5.13,0.36000,18.52800,-1.64
100,815.94,34.11,33.12,-5.13,0.36000,18.85480,-1.64
100,815.94,34.11,36.31,0.70,0.36000,18.88920,0.78
100,-815.94,34.11,40.73,4.37,0.36000,18.87200,2.44
100,-815.94,34.11,41.02,2.88,0.27000,18.83760,-0.43
100,-815.94,29.55,37.74,2.88,0.36000,18.83760,-0.43
100,815.94,29.55,32.52,-3.42,0.36000,18.87200,-0.40
100,815.94,29.55,30.86,-5.38,0.45000,18.85480,-1.50
100,815.94,29.55,32.48,-0.18,0.45000,17.87440,-0.34
100,-815.94,29.55,35.41,3.43,0.45000,17.87440,1.13
100,-815.94,29.55,34.21,3.43,0.45000,2.96200,1.13
100,815.94,29.55,30.27,-1.27,0.45000,17.94320,-0.75
100,815.94,29.55,29.10,-4.01,0.54000,17.87440,0.65
100,815.94,29.55,30.89,0.67,0.54000,17.87440,-0.02
100,-815.94,29.55,33.35,0.67,0.45000,17.87440,-0.02
100,-815.94,29.55,31.80,2.88,0.45000,17.87440,0.30
100,815.94,92.28,28.64,-2.43,0.54000,17.99480,-0.40
100,815.94,92.28,29.02,-2.10,0.54000,17.87440,0.15
100,815.94,92.28,32.12,2.75,0.54000,17.87440,0.17
100,815.94,92.28,37.16,2.75,0.45000,1.50000,0.17
100,815.94,92.28,43.64,5.86,0.36000,17.87440,1.22
100,815.94,92.28,51.31,7.84,0.27000,18.83760,-1.17
100,815.94,92.28,59.91,9.07,0.36000,18.80320,0.91
100,815.94,92.28,68.87,9.71,0.27000,18.80320,0.65
100,815.94,92.28,77.99,9.71,0.18000,1.50000,0.65
100,815.94,92.28,87.09,9.89,0.27000,18.90640,0.78
100,815.94,92.28,95.98,9.99,0.09000,18.85480,0.55
100,-815.94,58.64,103.33,9.60,0.00000,18.88920,-0.89
100,-815.94,58.64,104.26,3.32,0.09000,18.88920,-1.08
100,-815.94,58.64,100.70,3.32,0.00000,2.17080,-1.08
100,-815.94,58.64,93.63,-3.95,0.00000,18.49360,-1.42
100,-815.94,58.64,83.43,-9.37,0.00000,18.51080,0.32
100,-815.94,58.64,70.80,-11.50,0.00000,18.33880,-1.78
100,815.94,58.64,58.20,-12.44,0.18000,18.56240,0.13
100,815.94,58.64,49.52,-11.16,0.18000,18.56240,4.74
100,815.94,58.64,46.21,-11.16,0.18000,1.50000,4.74
100,815.94,58.64,46.56,-3.81,0.09000,18.83760,-2.10
100,815.94,58.64,49.35,1.59,0.09000,18.82040,0.44
100,815.94,106.83,53.79,4.50,0.09000,18.82040,-0.01
100,815.94,106.83,59.54,4.50,0.09000,39.58080,-0.01
100,815.94,106.83,66.00,6.41,0.00000,18.49360,-0.65
100,815.94,106.83,73.79,8.27,0.00000,18.56240,1.92
100,815.94,106.83,81.79,8.73,0.00000,18.52800,-0.83
100,815.94,106.83,90.17,9.18,0.00000,18.52800,-0.84
100,815.94,106.83,98.66,9.18,0.00000,1.50000,-0.84
100,815.94,106.83,107.01,9.05,-0.18000,18.51080,0.85
100,-815.94,106.83,114.33,9.32,-0.09000,18.52800,0.55
100,-815.94,106.83,115.34,4.95,-0.18000,18.52800,0.34
100,-815.94,106.83,111.61,-3.12,-0.18000,18.52800,-0.76
100,815.94,130.92,104.60,-3.12,-0.18000,12.21560,-0.76
100,815.94,130.92,100.63,-7.14,-0.27000,18.52800,0.86
100,815.94,130.92,99.86,-3.53,-0.27000,18.52800,0.15
100,815.94,130.92,101.03,0.45,-0.27000,18.52800,-0.35
100,815.94,130.92,103.53,0.45,-0.27000,18.52800,-0.35
100,815.94,130.92,107.18,2.78,-0.27000,18.52800,0.14
100,815.94,130.92,111.63,4.35,-0.27000,19.49120,0.56
100,815.94,130.92,116.43,5.47,-0.36000,19.54280,-0.38
100,815.94,130.92,122.06,6.33,-0.36000,19.54280,0.67
100,815.94,130.92,128.53,6.33,-0.45000,1.50000,0.67
100,815.94,130.92,134.76,6.84,-0.45000,18.20120,-0.53
100,815.94,142.97,142.08,7.94,-0.54000,19.14720,1.35
100,-815.94,142.97,146.95,7.43,-0.63000,19.18160,-0.32
100,-815.94,142.97,146.11,0.42,-0.72000,19.18160,0.51
100,-815.94,142.97,141.57,0.42,-0.81000,19.21600,0.51
100,815.94,142.97,137.37,-5.09,-0.90000,18.85480,-0.43
100,815.94,142.97,136.76,-3.61,-0.90000,18.85480,-0.15
100,815.94,142.97,138.45,1.18,-0.99000,18.85480,0.38
100,815.94,142.97,141.52,1.18,-1.08000,34.09400,0.38
100,-815.94,142.97,145.63,3.50,-1.08000,18.82040,0.05
100,-815.94,142.97,146.55,4.17,-1.17000,18.85480,0.60
100,815.94,142.97,143.34,-1.83,-1.26000,19.80080,-0.43
100,815.94,142.97,140.59,-1.83,-1.26000,19.80080,-0.43
100,-815.94,83.98,140.06,-3.61,-1.35000,18.52800,-0.03
100,-815.94,83.98,136.85,-0.95,-1.35000,19.50840,-0.19
100,-815.94,83.98,130.48,-5.34,-1.35000,19.47400,-0.23
100,-815.94,83.98,120.98,-9.43,-1.26000,19.47400,-1.61
100,-815.94,83.98,108.55,-9.43,-1.26000,61.02920,-1.61
100,815.94,83.98,96.31,-12.07,-1.17000,19.45680,-3.05
100,815.94,83.98,87.15,-12.61,-1.08000,19.80080,3.25
100,815.94,83.98,83.06,-7.05,-0.99000,18.85480,2.71
100,815.94,83.98,82.95,-1.33,-1.08000,18.85480,-0.77
100,200.00,83.98,84.85,-1.33,-1.08000,3.01360,-0.77
100,815.94,83.98,87.55,2.11,-1.17000,19.81800,-0.20
100,815.94,54.48,91.43,3.57,-1.17000,19.85240,-0.93
100,-815.94,54.48,93.15,3.83,-1.17000,19.81800,0.71
100,-815.94,54.48,90.20,3.83,-1.17000,19.81800,0.71
100,-815.94,54.48,83.60,-2.89,-1.17000,19.81800,-0.13
100,-815.94,54.48,74.11,-7.86,-1.17000,19.80080,0.10
100,815.94,54.48,62.39,-10.60,-1.08000,19.85240,-1.86
100,815.94,54.48,55.15,-11.21,-0.63000,18.83760,-5.89
100,815.94,54.48,52.73,-4.02,-0.36000,18.83760,-2.78
100,815.94,54.48,53.41,-4.02,-0.27000,19.16440,-2.78
100,815.94,54.48,56.28,0.86,-0.18000,18.52800,2.14
100,815.94,54.48,60.76,3.93,-0.18000,18.51080,5.53
100,815.94,104.75,66.40,6.00,-0.27000,19.49120,0.22
100,815.94,104.75,72.72,6.00,-0.36000,19.49120,0.22
100,815.94,104.75,79.79,7.17,-0.45000,18.21840,0.17
100,-815.94,104.75,87.18,8.59,-0.36000,18.18400,-1.46
100,-815.94,104.75,88.99,6.02,-0.45000,18.23560,-0.88
100,815.94,104.75,88.82,-0.22,-0.45000,18.23560,0.56
100,815.94,104.75,90.58,-0.22,-0.45000,2.84160,0.56
100,815.94,104.75,93.45,2.01,-0.54000,19.16440,-0.37
100,815.94,104.75,97.52,3.91,-0.45000,18.18400,0.08
100,-815.94,104.75,99.78,4.29,-0.54000,19.16440,-0.24
100,815.94,104.75,98.24,4.29,-0.45000,19.16440,-0.24
100,815.94,129.88,98.72,-1.32,-0.45000,19.16440,0.52
100,815.94,129.88,100.74,0.89,-0.54000,19.16440,0.01
100,815.94,129.88,103.98,2.98,-0.54000,19.13000,-0.22
100,815.94,129.88,107.84,4.54,-0.54000,19.13000,-0.03
100,815.94,129.88,112.72,4.54,-0.54000,1.50000,-0.03
100,815.94,129.88,118.23,5.70,-0.54000,19.18160,0.14
100,815.94,129.88,123.48,6.38,-0.54000,19.18160,-0.16
100,-815.94,129.88,127.92,6.14,-0.63000,19.16440,0.44
100,-815.94,129.88,126.73,6.14,-0.63000,19.16440,0.44
100,815.94,129.88,123.87,-0.63,-0.63000,19.16440,-0.43
100,815.94,129.88,123.98,-2.69,-0.72000,19.16440,0.04
100,815.94,142.45,125.71,1.04,-0.72000,19.16440,-0.10
100,815.94,142.45,128.65,3.03,-0.72000,19.16440,0.36
100,815.94,142.45,132.30,3.03,-0.81000,2.22240,0.36
100,-815.94,142.45,136.42,4.53,-0.81000,18.88920,-0.08
100,815.94,142.45,135.88,3.45,-0.90000,18.85480,0.08
100,815.94,142.45,135.58,-1.31,-0.90000,18.83760,-0.43
100,815.94,142.45,137.30,-1.31,-0.90000,18.83760,-0.43
100,-815.94,142.45,139.93,1.79,-0.99000,18.85480,0.10
100,815.94,142.45,139.08,2.41,-0.99000,18.76880,0.06
100,815.94,142.45,139.37,-0.97,-1.08000,18.85480,0.02
100,-815.94,142.45,141.19,1.81,-1.08000,18.85480,0.21
100,815.94,142.45,140.32,1.81,-1.08000,3.97680,0.21
100,-815.94,83.72,139.44,-0.62,-1.17000,18.85480,-0.26
100,-815.94,83.72,135.28,-1.98,-1.17000,18.85480,-0.32
100,-815.94,83.72,127.61,-6.69,-1.17000,19.78360,0.07
100,-815.94,83.72,117.11,-10.56,-1.17000,19.78360,1.69
100,-815.94,83.72,104.62,-10.56,-1.08000,1.50000,1.69
100,815.94,83.72,91.94,-12.24,-0.90000,18.76880,0.29
100,815.94,83.72,84.77,-12.04,-0.81000,18.80320,-3.89
100,815.94,83.72,82.08,-5.48,-0.90000,18.83760,2.99
100,815.94,83.72,82.58,-0.21,-0.90000,18.83760,2.41
100,815.94,83.72,84.85,-0.21,-0.99000,18.85480,2.41
100,815.94,83.72,88.11,2.62,-0.99000,18.85480,-0.96
100,815.94,54.36,92.40,4.17,-0.99000,18.82040,-0.36
100,-815.94,54.36,94.43,4.27,-0.99000,18.85480,-0.44
100,-815.94,54.36,91.64,4.27,-0.99000,18.85480,-0.44
100,-815.94,54.36,85.18,-2.69,-0.99000,18.85480,-0.09
100,-815.94,54.36,75.83,-7.72,-0.99000,18.87200,0.60
100,-815.94,54.36,63.60,-10.49,-0.90000,18.85480,-0.61
100,815.94,54.36,54.17,-12.90,-0.45000,18.85480,-7.40
100,815.94,54.36,50.18,-6.45,-0.09000,18.20120,-4.53
100,815.94,54.36,50.11,-6.45,0.00000,18.20120,-4.53
100,815.94,54.36,52.55,-0.59,0.09000,18.85480,1.95
100,815.94,54.36,56.71,3.17,0.09000,18.85480,5.29
100,815.94,39.67,62.27,5.53,0.09000,18.85480,1.50
100,-815.94,39.67,65.78,5.45,0.00000,18.85480,-1.94
100,-815.94,39.67,63.94,5.45,0.00000,32.33960,-1.94
100,-815.94,39.67,58.66,-1.89,0.00000,18.51080,-0.99
100,-815.94,39.67,50.26,-6.92,0.00000,18.52800,1.01
100,815.94,39.67,41.03,-10.20,0.27000,18.56240,-0.76
100,815.94,39.67,36.02,-7.27,0.45000,18.56240,-2.73
100,815.94,39.67,35.39,-7.27,0.54000,35.45280,-2.73
100,815.94,39.67,37.63,-0.97,0.63000,17.87440,0.10
100,815.94,39.67,41.98,3.39,0.54000,17.87440,2.66
100,-815.94,39.67,47.83,6.10,0.45000,17.87440,0.95
100,-815.94,32.33,50.55,6.10,0.45000,17.87440,0.95
100,-815.94,32.33,48.58,4.06,0.45000,17.87440,-1.14
100,-815.94,32.33,43.47,-2.91,0.45000,17.92600,-0.25
100,815.94,32.33,35.55,-7.04,0.54000,17.84000,-1.47
100,815.94,32.33,29.88,-8.01,0.63000,17.92600,1.22
100,815.94,32.33,28.92,-8.01,0.72000,17.92600,1.22
100,815.94,32.33,31.19,-1.78,0.72000,19.18160,0.42
100,815.94,32.33,35.72,3.08,0.63000,18.20120,1.10
100,-815.94,32.33,40.39,6.01,0.63000,18.18400,-0.70
100,-815.94,32.33,40.37,1.66,0.63000,18.18400,0.14
100,-815.94,32.33,36.74,1.66,0.63000,2.01600,0.14
100,815.94,28.66,31.04,-4.18,0.72000,19.14720,-1.10
100,815.94,28.66,28.59,-6.19,0.72000,18.25280,0.89
100,200.00,28.66,28.74,-0.71,0.72000,18.18400,0.26
100,200.00,28.66,28.74,-0.71,0.72000,18.18400,0.26
100,200.00,28.66,28.74,0.02,0.72000,18.20120,-0.08
100,815.94,28.66,29.81,0.02,0.72000,18.09800,0.39
100,-815.94,28.66,33.34,2.55,0.72000,18.20120,0.39
100,-815.94,28.66,34.38,2.76,0.72000,18.20120,-0.80
100,-815.94,28.66,31.63,2.76,0.72000,3.11680,-0.80
100,815.94,28.66,28.18,-3.17,0.72000,18.20120,0.43
100,815.94,28.66,28.54,-2.77,0.72000,18.14960,-0.06
100,-815.94,26.83,31.50,2.34,0.72000,18.20120,-0.30
100,-815.94,26.83,32.05,2.34,0.72000,18.20120,-0.30
100,-815.94,26.83,29.04,1.35,0.72000,18.20120,-0.41
100,815.94,26.83,26.57,-3.84,0.72000,18.20120,0.27
100,815.94,26.83,27.58,-1.24,0.72000,18.20120,0.24
100,-815.94,26.83,30.02,2.83,0.72000,18.20120,-0.04
100,-815.94,26.83,28.83,2.83,0.72000,3.35760,-0.04
100,815.94,26.83,26.04,-1.30,0.81000,18.13240,-0.13
100,815.94,26.83,26.40,-2.31,0.81000,18.20120,0.55
100,-815.94,26.83,29.04,2.23,0.81000,18.20120,-0.33
100,-815.94,26.83,28.64,2.23,0.72000,18.20120,-0.33
100,815.94,26.83,25.80,0.25,0.81000,18.18400,-0.66
100,815.94,90.92,26.17,-2.78,0.81000,18.16680,0.22
100,815.94,90.92,29.34,1.97,0.81000,18.20120,-0.22
100,815.94,90.92,34.56,5.38,0.72000,18.20120,0.35
100,815.94,90.92,41.59,5.38,0.63000,1.50000,0.35
100,815.94,90.92,50.07,7.69,0.63000,18.20120,0.02
100,815.94,90.92,59.25,9.65,0.54000,18.14960,-1.11
100,815.94,90.92,68.79,10.30,0.63000,17.89160,0.97
100,815.94,90.92,78.58,10.61,0.54000,17.89160,0.91
100,815.94,90.92,88.24,10.61,0.45000,1.50000,0.91
100,-815.94,90.92,96.41,10.51,0.54000,17.87440,0.42
100,-815.94,90.92,98.19,7.22,0.45000,18.01200,1.28
100,-815.94,57.96,95.27,-1.23,0.36000,17.84000,0.35
100,-815.94,57.96,89.11,-1.23,0.45000,17.84000,0.35
100,-815.94,57.96,79.31,-6.71,0.45000,17.85720,0.56
100,815.94,57.96,67.33,-10.63,0.54000,17.87440,-1.68
100,815.94,57.96,59.72,-12.03,0.54000,17.82280,-1.05
100,815.94,57.96,56.66,-6.02,0.45000,17.97760,1.87
100,815.94,57.96,57.02,-0.44,0.45000,17.97760,1.19
100,815.94,57.96,59.54,-0.44,0.45000,17.87440,1.19
100,815.94,57.96,63.71,2.98,0.45000,17.90880,-0.48
100,-815.94,57.96,69.02,5.27,0.45000,17.85720,-1.00
100,-815.94,57.96,70.92,4.70,0.45000,17.87440,0.97
100,815.94,106.49,68.31,4.70,0.45000,17.87440,0.97
100,815.94,106.49,66.00,-2.48,0.45000,17.87440,-0.71
100,815.94,106.49,66.81,-1.95,0.45000,17.85720,0.78
100,815.94,106.49,69.50,1.97,0.45000,18.04640,-0.08
100,815.94,106.49,73.52,4.21,0.45000,18.04640,0.10
100,815.94,106.49,78.64,4.21,0.45000,1.50000,0.10
100,815.94,106.49,84.30,5.97,0.36000,17.85720,-0.53
100,815.94,106.49,91.24,7.12,0.36000,17.87440,1.48
100,815.94,106.49,98.37,7.83,0.27000,17.87440,-0.85
100,815.94,106.49,106.05,8.28,0.36000,17.87440,0.66
100,-815.94,106.49,113.51,8.28,0.27000,1.50000,0.66
100,-815.94,65.74,115.93,7.74,0.18000,18.85480,0.41
100,-815.94,65.74,113.42,0.95,0.27000,18.85480,-1.05
100,-815.94,65.74,107.50,-5.19,0.18000,18.85480,0.73
100,-815.94,65.74,98.10,-9.46,0.27000,18.85480,-0.04
100,-815.94,65.74,85.81,-9.46,0.36000,1.50000,-0.04
100,815.94,65.74,73.51,-11.92,0.45000,18.80320,0.14
100,815.94,65.74,62.51,-12.95,0.54000,17.89160,5.25
100,815.94,65.74,57.32,-9.35,0.45000,17.87440,1.61
100,815.94,65.74,56.33,-2.74,0.45000,17.87440,-1.52
100,815.94,65.74,58.06,-2.74,0.45000,17.87440,-1.52
100,815.94,65.74,61.88,1.85,0.36000,18.02920,-0.27
100,815.94,110.38,67.01,4.58,0.36000,17.87440,0.20
100,815.94,110.38,72.86,6.45,0.36000,17.89160,-0.86
100,815.94,110.38,80.26,7.75,0.36000,17.89160,1.63
100,815.94,110.38,87.96,7.75,0.27000,45.06760,1.63
100,815.94,110.38,96.24,8.38,0.27000,18.78600,-0.01
100,815.94,110.38,104.56,9.27,0.27000,18.85480,-0.41
100,-815.94,110.38,112.29,9.23,0.18000,18.85480,-0.07
100,-815.94,110.38,114.25,4.56,0.18000,18.85480,0.31
100,-815.94,110.38,111.40,4.56,0.09000,3.90800,0.31
100,815.94,110.38,105.61,-3.25,0.18000,18.85480,-1.32
100,815.94,110.38,102.30,-6.28,0.09000,18.85480,0.63
100,815.94,67.68,102.30,-1.61,0.09000,18.85480,-0.28
100,-815.94,67.68,103.35,-1.61,0.09000,18.85480,-0.28
100,-815.94,67.68,100.72,1.15,0.09000,18.85480,-0.29
100,-815.94,67.68,94.98,-3.70,0.09000,18.83760,0.56
100,-815.94,67.68,85.55,-8.31,0.18000,18.85480,-0.31
100,815.94,67.68,75.80,-10.96,0.27000,18.80320,-4.52
100,815.94,67.68,71.20,-6.39,0.09000,18.80320,1.26
100,815.94,67.68,70.48,-6.39,0.18000,2.87600,1.26
100,815.94,67.68,71.92,-0.94,0.09000,18.85480,0.56
100,815.94,67.68,74.96,2.27,0.09000,18.78600,0.46
100,-815.94,67.68,79.01,4.38,0.09000,18.85480,0.13
100,-815.94,46.34,79.32,4.38,0.09000,18.85480,0.13
100,-815.94,46.34,75.56,1.25,0.09000,18.85480,0.49
100,-815.94,46.34,69.00,-4.87,0.09000,18.83760,0.14
100,-815.94,46.34,59.29,-8.86,0.18000,18.82040,-0.88
100,815.94,46.34,51.00,-10.28,0.27000,18.88920,-3.53
100,815.94,46.34,48.03,-4.68,0.18000,18.88920,0.61
100,815.94,46.34,48.62,-4.68,0.27000,18.82040,0.61
100,815.94,46.34,51.67,0.75,0.18000,18.85480,0.96
100,-815.94,46.34,56.36,4.16,0.09000,18.82040,0.61
100,-815.94,46.34,58.08,4.24,0.18000,18.83760,-0.10
100,-815.94,46.34,55.53,4.24,0.18000,18.83760,-0.10
100,-815.94,35.66,49.63,-2.46,0.18000,18.85480,-0.34
100,815.94,35.66,44.61,-6.90,0.36000,18.85480,-0.99
100,815.94,35.66,43.96,-3.59,0.36000,18.83760,0.47
100,-815.94,35.66,45.87,1.40,0.36000,18.83760,-0.72
100,-815.94,35.66,45.14,1.40,0.36000,33.97360,-0.72
100,-815.94,35.66,41.34,-0.58,0.45000,18.83760,0.84
100,815.94,35.66,38.03,-5.09,0.45000,17.87440,-0.85
100,815.94,35.66,38.62,-1.22,0.54000,17.89160,-0.16
100,-815.94,35.66,41.20,-1.22,0.54000,17.89160,-0.16
100,-815.94,35.66,40.56,2.75,0.54000,17.87440,0.56
100,815.94,35.66,36.99,-1.44,0.54000,17.87440,0.21
100,815.94,35.66,36.08,-3.39,0.63000,17.87440,0.26
100,815.94,95.34,38.30,1.59,0.54000,17.87440,0.02
100,815.94,95.34,42.68,1.59,0.54000,1.50000,0.02
100,815.94,95.34,48.78,5.14,0.45000,17.87440,0.21
100,815.94,95.34,56.48,7.50,0.45000,17.89160,1.44
100,815.94,95.34,64.90,8.91,0.36000,17.94320,-1.06
100,815.94,95.34,73.97,9.84,0.36000,17.94320,-1.13
100,815.94,95.34,83.42,9.84,0.36000,1.50000,-1.13
100,-815.94,95.34,92.48,10.19,0.27000,17.90880,-1.85
100,200.00,95.34,96.23,8.85,0.18000,18.83760,0.35
100,200.00,95.34,95.10,1.08,0.27000,18.83760,-2.03
100,-815.94,125.18,91.16,-3.89,0.18000,18.83760,0.53
100,815.94,125.18,87.09,-3.89,0.27000,14.10760,0.53
100,815.94,125.18,86.58,-4.28,0.27000,18.88920,-0.05
100,815.94,125.18,88.07,0.16,0.18000,18.83760,0.71
100,815.94,125.18,90.91,2.66,0.18000,18.83760,-0.05
100,815.94,125.18,94.74,2.66,0.18000,18.83760,-0.05
100,815.94,125.18,99.48,4.42,0.18000,18.85480,-0.27
100,815.94,125.18,104.96,5.67,0.18000,18.85480,0.24
100,815.94,125.18,110.69,6.61,0.09000,18.88920,-0.15
100,815.94,125.18,117.46,7.23,0.09000,18.88920,0.26
100,815.94,125.18,124.31,7.23,0.00000,42.78000,0.26
100,815.94,125.18,131.67,7.50,0.00000,18.52800,-0.59
100,-815.94,75.08,137.51,8.35,-0.09000,18.56240,0.38
100,-815.94,75.08,137.33,3.26,-0.09000,18.57960,0.16
100,-815.94,75.08,132.93,-4.03,-0.09000,18.57960,-0.82
100,-815.94,75.08,124.88,-4.03,-0.18000,11.26960,-0.82
100,-815.94,75.08,114.14,-8.75,-0.09000,18.52800,1.01
100,-815.94,75.08,101.76,-11.61,0.00000,18.56240,3.29
100,-815.94,75.08,88.38,-12.29,0.18000,18.52800,3.42
100,545.22,75.08,73.07,-13.49,0.45000,18.99240,-7.98
100,815.94,75.08,61.57,-13.46,0.63000,17.89160,5.80
100,815.94,75.08,55.81,-7.74,0.72000,17.89160,8.16
100,815.94,115.05,54.61,-7.74,0.72000,1.50000,8.16
100,815.94,115.05,56.35,-1.36,0.72000,18.20120,0.15
100,815.94,115.05,60.08,2.93,0.63000,18.25280,-0.12
100,815.94,115.05,65.36,5.48,0.63000,18.25280,-1.41
100,815.94,115.05,72.31,5.48,0.63000,41.81680,-1.41
100,815.94,115.05,80.03,7.31,0.54000,17.89160,0.78
100,815.94,115.05,88.47,9.00,0.63000,17.92600,0.07
100,815.94,115.05,97.16,9.44,0.45000,17.87440,-0.73
100,815.94,115.05,106.02,9.71,0.54000,17.87440,0.13
100,815.94,115.05,114.80,9.71,0.45000,48.12920,0.13
100,815.94,115.05,123.44,9.45,0.27000,17.84000,1.42
100,815.94,70.02,131.95,9.53,0.36000,17.84000,0.11
100,-815.94,70.02,137.96,8.82,0.18000,18.83760,0.46
100,-815.94,70.02,137.56,1.59,0.09000,18.83760,1.12
100,-815.94,70.02,133.16,1.59,0.09000,2.54920,1.12
100,-815.94,70.02,125.42,-4.91,0.00000,18.47640,-0.00
100,-815.94,70.02,114.57,-10.13,0.00000,18.54520,-0.62
100,-815.94,70.02,102.07,-11.89,0.09000,18.51080,-0.60
100,-815.94,70.02,88.71,-12.33,0.36000,19.00960,5.48
100,-815.94,70.02,73.37,-13.62,0.72000,19.00960,-4.56
100,815.94,70.02,58.46,-13.62,0.81000,1.50000,-4.56
100,815.94,47.51,49.57,-13.39,0.90000,18.18400,3.59
100,815.94,47.51,46.26,-7.76,0.90000,18.20120,-1.02
100,815.94,47.51,46.77,-1.27,0.90000,18.20120,1.21
100,815.94,47.51,49.94,-1.27,0.90000,18.20120,1.21
100,815.94,47.51,55.35,3.41,0.81000,18.20120,0.60
100,815.94,47.51,61.91,6.41,0.72000,18.20120,0.45
100,-815.94,47.51,68.42,8.29,0.81000,18.20120,-0.04
100,-815.94,47.51,69.31,3.30,0.72000,18.20120,0.15
100,-815.94,47.51,66.52,3.30,0.81000,18.20120,0.15
100,-815.94,47.51,60.49,-3.02,0.72000,18.23560,0.43
100,-815.94,47.51,51.67,-7.15,0.81000,18.18400,-0.66
100,815.94,101.26,43.15,-10.14,0.90000,18.21840,0.72
100,815.94,101.26,39.29,-6.76,0.81000,18.20120,2.87
100,815.94,101.26,39.90,-0.37,0.90000,18.20120,0.55
100,815.94,101.26,43.40,-0.37,0.90000,18.30440,0.55
100,815.94,101.26,49.02,4.15,0.81000,18.20120,-0.66
100,815.94,101.26,56.71,6.96,0.81000,18.25280,-0.01
100,815.94,101.26,65.62,9.09,0.72000,18.21840,-1.56
100,815.94,101.26,75.39,10.45,0.72000,18.21840,0.63
100,815.94,101.26,85.58,10.45,0.72000,1.50000,0.63
100,815.94,101.26,95.85,10.64,0.54000,18.16680,-0.03
100,815.94,101.26,106.00,11.68,0.63000,18.16680,-0.79
100,815.94,63.13,115.96,10.96,0.63000,19.19880,0.52
100,-815.94,63.13,123.18,9.34,0.54000,19.19880,1.88
100,-815.94,63.13,123.82,9.34,0.54000,1.50000,1.88
100,-815.94,63.13,120.11,0.71,0.54000,18.04640,-1.11
100,-815.94,63.13,113.23,-5.63,0.45000,17.94320,-0.13
100,-815.94,63.13,103.03,-9.83,0.54000,17.82280,0.15
100,-815.94,63.13,90.45,-11.79,0.72000,17.82280,-6.27
100,-815.94,63.13,78.44,-11.79,0.72000,1.50000,-6.27
100,-815.94,63.13,63.80,-12.62,0.81000,18.21840,4.18
100,815.94,63.13,49.15,-13.29,0.81000,18.30440,-7.46
100,815.94,44.06,40.47,-12.60,0.81000,18.20120,5.83
100,815.94,44.06,37.43,-5.89,0.90000,18.20120,4.71
100,815.94,44.06,38.43,-5.89,0.90000,18.20120,4.71
100,815.94,44.06,42.37,0.56,0.90000,18.20120,-3.78
100,815.94,44.06,48.46,4.93,0.90000,18.13240,0.54
100,815.94,44.06,56.69,7.90,0.81000,18.14960,0.83
100,-815.94,44.06,65.02,9.71,0.81000,18.20120,0.98
100,-815.94,44.06,67.90,4.49,0.72000,18.20120,0.55
100,-815.94,44.06,66.12,4.49,0.72000,18.20120,0.55
100,-815.94,44.06,61.24,-2.15,0.81000,18.13240,1.14
100,-815.94,44.06,53.56,-6.39,0.81000,18.20120,0.19
100,-815.94,99.54,43.78,-9.48,0.90000,18.14960,0.08
100,815.94,99.54,36.23,-9.65,0.90000,18.25280,-4.37
100,815.94,99.54,34.36,-9.65,0.81000,18.25280,-4.37
100,815.94,99.54,36.29,-2.93,0.81000,18.20120,0.33
100,815.94,99.54,40.95,2.79,0.90000,18.16680,0.74
100,815.94,99.54,47.52,6.37,0.90000,18.21840,0.62
100,815.94,99.54,56.34,8.95,0.81000,18.21840,0.22
100,815.94,99.54,66.35,8.95,0.81000,1.50000,0.22
100,815.94,99.54,77.01,10.43,0.63000,17.90880,2.32
100,815.94,99.54,88.52,11.54,0.72000,18.20120,-0.29
100,815.94,99.54,100.20,12.63,0.72000,18.21840,0.56
100,815.94,62.26,111.80,12.00,0.63000,18.16680,1.53
100,-815.94,62.26,121.49,11.77,0.54000,18.16680,1.76
100,-815.94,62.26,123.91,11.77,0.45000,39.83880,1.76
100,-815.94,62.26,121.26,3.22,0.54000,17.87440,-0.72
100,-815.94,62.26,115.07,-4.33,0.54000,17.90880,-1.04
100,-815.94,62.26,105.73,-8.85,0.54000,17.84000,1.12
100,-815.94,62.26,93.25,-12.02,0.54000,17.84000,2.83
100,-815.94,62.26,81.18,-12.02,0.63000,68.99280,2.83
100,-815.94,62.26,67.50,-12.58,0.72000,18.14960,-4.77
100,815.94,62.26,52.23,-12.87,0.90000,18.16680,-2.58
100,815.94,108.64,41.47,-13.88,0.81000,18.25280,5.35
100,815.94,108.64,36.95,-8.53,0.72000,18.25280,-1.17
100,815.94,108.64,37.19,-1.20,0.72000,18.25280,0.53
100,815.94,108.64,40.55,-1.20,0.81000,2.01600,0.53
100,815.94,108.64,46.44,3.92,0.81000,18.20120,0.43
100,815.94,108.64,54.46,7.35,0.81000,18.16680,-0.91
100,815.94,108.64,64.26,9.76,0.90000,18.20120,1.83
100,815.94,108.64,74.93,11.35,0.72000,18.20120,1.93
100,815.94,108.64,86.85,11.35,0.63000,58.48360,1.93
100,815.94,108.64,98.99,12.40,0.72000,18.20120,1.56
100,815.94,108.64,111.03,12.75,0.63000,18.25280,2.29
100,815.94,66.81,122.64,12.91,0.63000,19.18160,2.02
100,-815.94,66.81,133.51,11.79,0.63000,17.84000,1.37
100,-815.94,66.81,138.27,7.78,0.45000,17.84000,0.93
100,-815.94,66.81,137.05,7.78,0.45000,17.87440,0.93
100,-815.94,66.81,132.07,-1.09,0.45000,17.89160,-0.19
100,-815.94,66.81,123.52,-6.72,0.45000,17.82280,-0.02
100,-815.94,66.81,112.49,-10.58,0.45000,17.87440,1.65
100,-815.94,66.81,100.20,-12.54,0.54000,17.84000,4.66
100,-815.94,66.81,87.37,-12.65,0.72000,17.84000,1.97
100,-815.94,66.81,72.24,-12.65,0.81000,1.50000,1.97
100,815.94,110.92,56.12,-13.35,0.81000,18.23560,4.22
100,815.94,110.92,45.02,-13.91,0.72000,18.16680,-8.89
100,815.94,110.92,40.68,-8.40,0.72000,18.20120,5.03
100,815.94,110.92,41.30,-0.77,0.72000,18.20120,-2.39
100,815.94,110.92,45.07,-0.77,0.72000,2.08480,-2.39
100,815.94,110.92,51.27,4.17,0.72000,18.20120,-0.25
100,815.94,110.92,59.92,8.14,0.81000,18.23560,-0.19
100,815.94,110.92,69.99,10.16,0.81000,18.16680,-0.88
100,815.94,110.92,81.88,11.82,0.72000,18.14960,-1.58
100,815.94,110.92,94.16,12.54,0.72000,18.14960,-4.60
100,815.94,132.97,106.64,12.54,0.72000,1.50000,-4.60
100,815.94,132.97,118.88,13.15,0.63000,18.18400,3.87
100,815.94,132.97,130.72,11.97,0.63000,17.92600,6.15
100,815.94,132.97,142.10,12.65,0.45000,17.89160,5.92
100,815.94,132.97,153.05,12.13,0.36000,17.87440,4.32
100,-815.94,132.97,159.99,9.56,0.27000,17.87440,3.17
100,-815.94,132.97,160.31,9.56,0.36000,36.00320,3.17
100,-815.94,132.97,156.40,0.79,0.27000,18.87200,0.17
100,-815.94,132.97,149.21,-5.63,0.27000,18.83760,-0.16
100,-815.94,132.97,138.74,-9.92,0.27000,18.82040,0.91
100,815.94,132.97,127.36,-12.31,0.36000,18.82040,1.66
100,815.94,143.99,120.72,-12.31,0.45000,47.59600,1.66
100,815.94,143.99,118.47,-7.54,0.27000,17.87440,1.22
100,815.94,143.99,119.27,-1.43,0.27000,18.85480,-0.48
100,815.94,143.99,121.83,2.17,0.27000,18.85480,-0.96
100,815.94,143.99,125.62,2.17,0.18000,18.85480,-0.96
100,815.94,143.99,130.68,4.32,0.27000,18.83760,-0.18
100,815.94,143.99,136.49,5.91,0.18000,18.83760,0.15
100,815.94,143.99,142.96,6.98,0.18000,18.83760,-0.26
100,815.94,143.99,150.09,7.58,0.18000,18.87200,1.32
100,815.94,143.99,157.39,8.06,0.09000,18.87200,-0.65
100,-815.94,143.99,161.23,8.06,0.09000,10.71920,-0.65
100,-815.94,84.49,159.30,4.04,0.09000,18.52800,-0.39
100,-815.94,84.49,153.83,-3.51,0.09000,18.51080,-0.05
100,-815.94,84.49,144.73,-8.21,0.09000,18.87200,-0.19
100,-815.94,84.49,132.70,-11.57,0.27000,18.87200,-4.27
100,-815.94,84.49,120.43,-11.57,0.36000,1.50000,-4.27
100,-815.94,84.49,106.95,-12.45,0.45000,18.87200,1.27
100,815.94,84.49,90.11,-13.44,0.54000,18.87200,4.93
100,815.94,84.49,79.10,-13.44,0.72000,1.50000,4.93
100,815.94,84.49,74.02,-12.70,0.90000,18.14960,-4.29
100,815.94,84.49,73.68,-4.09,0.90000,18.20120,1.32
100,815.94,119.75,76.47,1.81,0.90000,18.16680,0.75
100,815.94,119.75,81.39,1.81,0.81000,18.16680,0.75
100,815.94,119.75,88.31,5.33,0.81000,18.20120,-0.14
100,815.94,119.75,96.80,8.41,0.72000,18.18400,1.44
100,815.94,119.75,106.35,9.71,0.72000,18.14960,-0.62
100,815.94,119.75,116.31,10.66,0.63000,18.20120,-0.59
100,-815.94,119.75,125.99,11.01,0.63000,18.20120,-2.89
100,-815.94,119.75,130.34,11.01,0.72000,1.50000,-2.89
100,-815.94,119.75,129.00,4.91,0.54000,18.20120,-0.48
100,-815.94,119.75,124.17,-2.84,0.63000,18.20120,-0.01
100,815.94,119.75,116.06,-7.38,0.72000,18.20120,-1.65
100,815.94,72.37,109.88,-8.02,0.54000,18.20120,3.51
100,815.94,72.37,108.09,-8.02,0.63000,1.93000,3.51
100,-815.94,72.37,108.29,-2.23,0.63000,17.87440,0.46
100,-815.94,72.37,105.39,-0.57,0.63000,17.87440,0.40
100,-815.94,72.37,99.43,-5.42,0.63000,19.16440,-0.04
100,-815.94,72.37,90.85,-9.00,0.63000,19.16440,-2.00
100,815.94,72.37,81.85,-9.00,0.72000,1.50000,-2.00
100,815.94,72.37,77.76,-9.30,0.81000,18.20120,1.15
100,815.94,72.37,77.61,-3.36,0.81000,18.20120,0.91
100,815.94,72.37,80.47,2.17,0.81000,18.20120,1.00
100,-815.94,72.37,84.47,2.17,0.81000,36.74280,1.00
100,-815.94,72.37,84.44,4.33,0.81000,18.20120,0.91
100,-815.94,48.68,81.02,-1.31,0.81000,18.20120,-1.59
100,-815.94,48.68,74.92,-5.73,0.81000,18.14960,0.25
100,-815.94,48.68,66.45,-8.84,0.81000,18.14960,0.68
100,815.94,48.68,57.81,-8.84,0.81000,1.50000,0.68
100,815.94,48.68,54.38,-9.08,0.81000,18.20120,3.30
100,815.94,48.68,55.08,-2.25,0.72000,18.20120,0.21
100,-815.94,48.68,58.73,3.07,0.81000,18.20120,0.10
100,-815.94,48.68,60.84,3.07,0.81000,38.15320,0.10
100,-815.94,48.68,59.17,2.63,0.81000,18.20120,-1.16
100,-815.94,48.68,55.03,-2.84,0.81000,18.18400,-0.29
100,815.94,48.68,49.37,-6.09,0.72000,18.20120,-0.22
100,815.94,36.84,48.08,-2.78,0.72000,18.20120,0.01
100,-815.94,36.84,50.01,-2.78,0.72000,18.20120,0.01
100,-815.94,36.84,49.57,1.99,0.72000,18.20120,-0.14
100,-815.94,36.84,46.45,-1.55,0.72000,18.25280,0.34
100,815.94,36.84,41.69,-4.90,0.63000,18.20120,0.26
100,815.94,36.84,40.18,-4.90,0.72000,18.20120,0.26
100,-815.94,36.84,42.06,-2.80,0.72000,18.20120,0.24
100,-815.94,36.84,42.93,2.33,0.72000,18.20120,-0.17
100,-815.94,36.84,40.79,-0.64,0.63000,18.39040,-0.29
100,815.94,36.84,37.71,-3.72,0.63000,18.39040,0.20
100,815.94,36.84,38.27,-3.72,0.63000,3.54680,0.20
100,-815.94,30.91,40.35,0.60,0.63000,18.21840,-0.20
100,-815.94,30.91,39.19,1.39,0.63000,18.20120,0.11
100,-815.94,30.91,35.69,-2.94,0.63000,18.20120,-0.01
100,815.94,30.91,33.34,-2.94,0.63000,18.20120,-0.01
100,-815.94,30.91,34.94,-3.18,0.72000,18.20120,0.20
100,-815.94,30.91,35.41,1.99,0.63000,18.20120,-0.01
100,-815.94,30.91,33.08,-1.06,0.63000,18.21840,0.24
100,815.94,30.91,31.97,-2.29,0.63000,18.21840,-0.43
100,-815.94,30.91,33.69,-2.29,0.63000,3.30600,-0.43
100,-815.94,30.91,32.85,1.65,0.63000,18.20120,0.26
100,815.94,30.91,31.12,-1.78,0.63000,18.21840,0.26
100,-815.94,30.91,32.63,0.31,0.63000,18.20120,0.04
100,815.94,92.96,33.77,0.31,0.63000,18.20120,0.04
100,815.94,92.96,37.98,1.51,0.63000,18.21840,-0.35
100,815.94,92.96,44.57,5.29,0.63000,18.20120,-0.44
100,815.94,92.96,53.79,8.58,0.72000,19.18160,1.82
100,815.94,92.96,64.46,10.98,0.81000,18.14960,-0.93
100,815.94,92.96,76.79,12.41,0.81000,18.14960,1.63
100,-815.94,92.96,87.81,12.41,0.72000,1.50000,1.63
100,-815.94,92.96,92.49,11.58,0.72000,18.23560,7.65
100,200.00,92.96,92.42,3.34,0.72000,18.20120,-0.57
100,-815.94,92.96,91.78,-0.59,0.72000,18.20120,0.44
100,-815.94,92.96,88.82,-0.59,0.72000,18.20120,0.44
100,815.94,123.99,83.75,-3.04,0.81000,18.23560,0.17
100,815.94,123.99,82.03,-5.27,0.81000,18.20120,-1.03
100,815.94,123.99,83.72,-0.15,0.81000,18.28720,1.07
100,815.94,123.99,87.72,3.87,0.81000,18.28720,0.65
100,815.94,123.99,93.54,3.87,0.72000,1.50000,0.65
100,815.94,123.99,100.58,6.73,0.72000,18.20120,-0.69
100,815.94,123.99,109.01,8.65,0.72000,18.20120,0.74
100,815.94,123.99,118.28,9.74,0.72000,18.25280,0.85
100,-815.94,123.99,127.78,10.36,0.54000,18.25280,0.62
100,-815.94,123.99,133.19,10.36,0.63000,1.50000,0.62
100,-815.94,123.99,132.69,6.10,0.63000,18.20120,0.86
100,-815.94,74.49,128.36,-1.96,0.63000,19.18160,1.30
100,-815.94,74.49,120.50,-6.93,0.63000,19.14720,0.35
100,-815.94,74.49,110.15,-10.52,0.72000,19.14720,0.28
100,-815.94,74.49,97.65,-10.52,0.72000,1.50000,0.28
100,815.94,74.49,85.20,-12.72,0.81000,19.18160,4.25
100,815.94,74.49,76.32,-12.71,0.81000,18.21840,2.98
100,815.94,74.49,73.02,-6.59,0.81000,18.20120,-1.41
100,815.94,74.49,73.55,-0.37,0.81000,18.20120,2.28
100,815.94,74.49,76.91,-0.37,0.81000,18.20120,2.28
100,815.94,74.49,82.46,3.99,0.81000,18.25280,-1.64
100,-815.94,114.75,89.24,6.95,0.81000,18.21840,0.30
100,-815.94,114.75,91.20,5.34,0.72000,18.20120,-0.66
100,815.94,114.75,90.19,-0.81,0.72000,18.20120,0.05
100,815.94,114.75,91.50,-0.81,0.72000,18.20120,0.05
100,815.94,114.75,95.05,1.59,0.72000,18.21840,-0.05
100,815.94,114.75,100.12,4.75,0.72000,18.20120,-0.15
100,-815.94,114.75,107.23,7.04,0.72000,18.20120,0.87
100,-815.94,114.75,110.86,5.82,0.63000,18.20120,-0.12
100,-815.94,114.75,109.37,5.82,0.72000,3.37480,-0.12
100,815.94,114.75,106.30,-1.63,0.72000,18.20120,-0.15
100,815.94,114.75,106.35,-2.59,0.63000,18.20120,0.67
100,815.94,114.75,108.70,1.66,0.72000,18.25280,0.43
100,-815.94,69.87,111.97,1.66,0.72000,18.25280,0.43
100,-815.94,69.87,111.20,3.73,0.72000,18.20120,-0.53
100,-815.94,69.87,106.80,-1.66,0.72000,18.16680,-0.13
100,-815.94,69.87,99.16,-6.46,0.72000,18.20120,0.45
100,-815.94,69.87,89.46,-9.70,0.81000,18.21840,-2.76
100,815.94,69.87,77.45,-11.47,0.81000,18.21840,-0.68
100,815.94,69.87,68.71,-11.47,0.81000,1.50000,-0.68
100,815.94,69.87,65.67,-9.33,0.90000,18.20120,-2.24
100,815.94,69.87,66.70,-2.11,0.81000,18.20120,1.87
100,815.94,69.87,70.53,3.14,0.90000,18.23560,1.36
100,815.94,69.87,76.27,3.14,0.90000,18.23560,1.36
100,-815.94,112.44,83.94,6.34,0.81000,18.23560,0.14
100,-815.94,112.44,89.07,8.92,0.81000,18.14960,-0.65
100,815.94,112.44,90.41,3.11,0.72000,18.20120,1.05
100,815.94,112.44,93.64,2.98,0.72000,18.20120,0.13
100,815.94,112.44,98.45,2.98,0.72000,1.50000,0.13
100,-815.94,112.44,102.36,5.88,0.72000,18.21840,-0.33
100,815.94,112.44,101.71,2.45,0.72000,18.20120,-0.44
100,815.94,112.44,102.17,-0.57,0.72000,18.18400,0.20
100,815.94,112.44,104.79,-0.57,0.72000,18.18400,0.20
100,-815.94,112.44,108.17,2.98,0.72000,18.20120,-0.31
100,815.94,112.44,107.17,2.96,0.72000,18.20120,0.25
100,815.94,133.73,106.76,-1.52,0.72000,18.20120,-0.25
100,815.94,133.73,108.67,1.45,0.72000,18.20120,0.36
100,815.94,133.73,112.16,1.45,0.72000,1.74080,0.36
100,815.94,133.73,117.39,4.36,0.72000,18.21840,-0.32
100,815.94,133.73,123.88,6.41,0.72000,18.20120,-0.28
100,-815.94,133.73,129.03,7.32,0.72000,18.20120,0.20
100,-815.94,133.73,128.51,1.16,0.63000,18.20120,-0.04
100,815.94,133.73,125.46,1.16,0.72000,1.50000,-0.04
100,815.94,133.73,125.02,-3.15,0.72000,18.32160,0.55
100,815.94,133.73,126.66,0.49,0.63000,18.33880,0.13
100,815.94,133.73,129.83,3.05,0.63000,18.33880,0.28
100,-815.94,79.36,133.64,3.05,0.63000,36.84600,0.28
100,-815.94,79.36,133.05,4.12,0.63000,18.20120,-0.15
100,-815.94,79.36,128.65,-2.12,0.72000,18.20120,0.02
100,-815.94,79.36,120.91,-6.91,0.72000,18.20120,0.15
100,-815.94,79.36,110.64,-10.41,0.63000,18.20120,0.95
100,-815.94,79.36,98.03,-10.41,0.81000,1.50000,0.95
100,815.94,79.36,85.77,-12.21,0.81000,18.27000,4.78
100,815.94,79.36,76.57,-12.75,0.90000,18.16680,-0.49
100,815.94,79.36,72.93,-6.88,0.90000,18.25280,0.26
100,815.94,79.36,73.53,-0.59,0.90000,18.25280,1.94
100,815.94,79.36,76.97,-0.59,0.81000,2.82440,1.94
100,815.94,52.17,82.66,3.98,0.81000,18.14960,-0.56
100,-815.94,52.17,89.72,7.13,0.81000,18.20120,-1.03
100,-815.94,52.17,92.07,5.75,0.81000,18.28720,1.13
100,-815.94,52.17,90.25,-1.10,0.81000,18.28720,-0.85
100,-815.94,52.17,85.61,-1.10,0.81000,16.65320,-0.85
100,-815.94,52.17,78.50,-5.27,0.81000,18.20120,-0.47
100,-815.94,52.17,69.22,-9.17,0.81000,18.18400,0.49
100,-815.94,52.17,57.78,-11.00,0.72000,18.16680,1.86
100,815.94,52.17,46.65,-12.79,0.72000,18.21840,-1.55
100,815.94,52.17,40.86,-7.63,0.63000,18.21840,-0.45
100,815.94,52.17,40.40,-7.63,0.54000,18.20120,-0.45
100,815.94,38.58,43.61,-0.44,0.63000,19.14720,-0.19
100,815.94,38.58,49.40,4.65,0.54000,19.16440,-1.26
100,-815.94,38.58,57.05,8.03,0.63000,17.87440,0.95
100,-815.94,38.58,60.15,5.23,0.72000,17.87440,-1.12
100,-815.94,38.58,59.25,5.23,0.72000,18.20120,-1.12
100,-815.94,38.58,55.55,-1.10,0.72000,18.18400,1.58
100,-815.94,38.58,49.78,-5.02,0.63000,18.20120,0.03
100,-815.94,38.58,42.31,-7.60,0.63000,18.21840,0.54
100,815.94,38.58,33.97,-9.29,0.54000,18.21840,-0.02
100,815.94,38.58,30.48,-9.29,0.54000,1.50000,-0.02
100,815.94,38.58,31.74,-4.05,0.54000,17.87440,1.72
100,815.94,31.79,36.23,2.66,0.54000,17.85720,-1.17
100,-815.94,31.79,43.05,6.80,0.54000,17.87440,0.39
100,-815.94,31.79,46.00,4.74,0.54000,17.87440,0.49
100,-815.94,31.79,45.04,4.74,0.54000,17.87440,0.49
100,-815.94,31.79,41.78,-0.92,0.54000,17.87440,-0.27
100,-815.94,31.79,36.72,-4.45,0.54000,17.87440,0.23
100,815.94,31.79,30.13,-6.73,0.54000,17.92600,-0.02
100,815.94,31.79,26.15,-5.82,0.45000,17.92600,0.86
100,815.94,31.79,27.25,-5.82,0.54000,3.56400,0.86
100,815.94,31.79,31.66,1.19,0.54000,17.87440,0.05
100,-815.94,31.79,36.64,5.89,0.54000,17.87440,-0.01
100,-815.94,28.39,37.67,3.28,0.54000,17.87440,-0.94
100,-815.94,28.39,35.94,3.28,0.54000,17.87440,-0.94
100,-815.94,28.39,32.09,-1.68,0.45000,17.87440,0.57
100,815.94,28.39,27.08,-4.69,0.45000,18.02920,-0.48
100,815.94,28.39,25.73,-4.54,0.45000,17.87440,0.14
100,815.94,28.39,28.15,1.61,0.54000,17.87440,-0.17
100,-815.94,28.39,31.94,1.61,0.54000,1.50000,-0.17
100,-815.94,28.39,32.18,3.99,0.45000,17.87440,0.49
100,-815.94,28.39,29.88,-0.90,0.45000,17.87440,-0.02
100,815.94,28.39,26.45,-3.91,0.45000,17.87440,-0.04
100,815.94,28.39,26.93,-3.91,0.45000,34.48960,-0.04
100,-815.94,28.39,30.09,0.24,0.54000,17.82280,-0.18
100,815.94,91.70,30.86,2.96,0.45000,17.85720,0.30
100,815.94,91.70,33.92,1.92,0.45000,17.90880,-0.34
100,815.94,91.70,39.49,1.92,0.54000,17.90880,-0.34
100,815.94,91.70,47.52,6.09,0.45000,17.89160,0.71
100,815.94,91.70,57.96,9.90,0.63000,17.87440,-0.23
100,815.94,91.70,70.13,11.17,0.72000,17.85720,-3.09
100,-815.94,91.70,82.90,12.89,0.72000,18.14960,-4.33
100,-815.94,91.70,91.01,11.29,0.72000,18.14960,1.12
100,-815.94,91.70,92.96,11.29,0.72000,37.70600,1.12
100,200.00,91.70,90.81,2.58,0.72000,18.20120,-0.42
100,-815.94,91.70,86.30,-3.33,0.81000,18.16680,0.52
100,815.94,123.36,80.18,-6.61,0.81000,18.20120,-1.93
100,815.94,123.36,78.16,-3.53,0.81000,18.20120,0.47
100,815.94,123.36,79.78,-3.53,0.81000,18.16680,0.47
100,815.94,123.36,83.90,1.94,0.81000,18.06360,0.39
100,815.94,123.36,89.89,5.42,0.81000,18.20120,0.64
100,815.94,123.36,97.94,7.98,0.72000,18.20120,0.50
100,815.94,123.36,106.87,9.57,0.63000,18.20120,0.20
100,815.94,123.36,116.65,9.57,0.63000,1.50000,0.20
100,815.94,123.36,126.72,10.21,0.72000,18.25280,1.39
100,-815.94,123.36,134.65,11.49,0.54000,18.23560,1.23
100,-815.94,123.36,136.23,5.35,0.54000,17.87440,0.07
100,-815.94,139.19,133.46,-2.15,0.63000,17.87440,0.64
100,-815.94,139.19,127.49,-2.15,0.54000,14.88160,0.64
100,815.94,139.19,121.66,-6.76,0.63000,17.87440,0.00
100,815.94,139.19,119.85,-5.25,0.54000,17.87440,1.79
100,815.94,139.19,120.71,-0.21,0.54000,17.87440,-0.18
100,815.94,139.19,123.37,-0.21,0.54000,17.87440,-0.18
100,815.94,139.19,127.60,2.89,0.54000,17.87440,0.12
100,815.94,139.19,132.89,5.04,0.54000,17.87440,0.42
100,815.94,139.19,138.74,6.56,0.54000,17.84000,-0.56
100,-815.94,139.19,145.62,7.55,0.54000,17.84000,0.72
100,-815.94,139.19,147.63,7.55,0.54000,39.51200,0.72
100,-815.94,147.10,144.87,2.74,0.54000,17.87440,-0.78
100,815.94,147.10,139.47,-4.36,0.54000,17.85720,0.71
100,815.94,147.10,136.51,-5.20,0.54000,17.87440,-0.23
100,815.94,147.10,136.41,-5.20,0.54000,17.87440,-0.23
100,815.94,147.10,138.23,-0.53,0.54000,17.84000,-0.42
100,815.94,147.10,141.45,2.40,0.54000,17.92600,-0.23
100,815.94,147.10,145.70,4.28,0.54000,17.84000,0.50
100,-815.94,147.10,150.65,5.65,0.45000,17.84000,-0.20
100,-815.94,147.10,151.64,5.65,0.54000,1.50000,-0.20
100,-815.94,147.10,148.11,1.09,0.54000,17.94320,-0.05
100,815.94,147.10,144.20,-4.94,0.54000,17.87440,0.02
100,815.94,151.06,143.63,-2.11,0.54000,17.87440,-0.47
100,815.94,151.06,145.16,-2.11,0.45000,17.87440,-0.47
100,815.94,151.06,148.18,1.69,0.45000,17.97760,-0.01
100,-815.94,151.06,151.94,3.58,0.45000,17.90880,0.04
100,-815.94,151.06,152.76,3.57,0.45000,17.87440,0.18
100,200.00,151.06,149.67,-2.30,0.45000,17.87440,-0.31
100,815.94,151.06,147.04,-2.30,0.54000,1.50000,-0.31
100,815.94,151.06,147.21,-2.89,0.45000,17.87440,0.10
100,815.94,151.06,149.05,0.97,0.45000,17.87440,0.15
100,200.00,151.06,152.07,3.07,0.45000,17.87440,0.07
100,-815.94,151.06,152.89,3.07,0.45000,17.87440,0.07
100,200.00,151.06,150.77,1.36,0.45000,17.99480,0.28
100,815.94,153.04,149.52,-2.42,0.45000,17.87440,0.03
100,815.94,153.04,150.20,-0.34,0.45000,17.89160,-0.24
100,815.94,153.04,152.35,2.11,0.45000,17.89160,-0.09
100,-815.94,153.04,154.89,2.11,0.45000,17.87440,-0.09
100,-815.94,153.04,153.77,2.71,0.45000,17.87440,0.32
100,815.94,153.04,150.09,-2.61,0.45000,17.87440,-0.04
100,815.94,153.04,148.88,-3.02,0.45000,17.87440,0.46
100,815.94,153.04,150.12,-3.02,0.45000,17.87440,0.46
100,815.94,153.04,152.80,1.15,0.45000,17.87440,0.04
100,-815.94,153.04,155.34,3.26,0.45000,17.84000,-0.05
100,815.94,153.04,153.72,1.04,0.45000,17.87440,-0.27
100,815.94,154.03,151.84,-2.56,0.45000,17.87440,0.27
100,815.94,154.03,152.10,-2.56,0.45000,2.70400,0.27
100,200.00,154.03,154.01,0.19,0.45000,17.87440,-0.24
100,200.00,154.03,155.12,2.20,0.45000,17.87440,0.29
100,200.00,154.03,154.71,0.17,0.45000,17.87440,-0.30
100,815.94,154.03,154.03,0.17,0.45000,17.87440,-0.30
100,200.00,154.03,154.27,-0.76,0.45000,17.87440,0.31
100,200.00,154.03,153.85,0.15,0.45000,17.75400,-0.31
100,200.00,154.03,152.97,-0.74,0.45000,17.87440,0.36
100,200.00,154.03,152.80,-0.60,0.45000,17.87440,-0.26
100,200.00,154.03,152.58,-0.60,0.45000,3.70160,-0.26
100,815.94,154.03,152.60,-0.20,0.45000,17.87440,-0.20
100,815.94,154.52,154.17,0.55,0.45000,17.87440,0.24
100,200.00,154.52,155.38,1.96,0.45000,17.87440,0.03
100,200.00,154.52,155.09,1.96,0.45000,17.87440,0.03
100,815.94,154.52,154.28,-0.14,0.45000,17.87440,-0.13
100,200.00,154.52,154.61,-0.70,0.45000,17.87440,0.04
100,200.00,154.52,154.43,0.21,0.45000,17.92600,-0.28
100,200.00,154.52,153.95,-0.44,0.45000,17.92600,0.27
100,200.00,154.52,153.70,-0.44,0.45000,3.63280,0.27
100,200.00,154.52,153.47,-0.29,0.45000,17.87440,-0.04
100,815.94,154.52,152.90,-0.46,0.45000,17.87440,-0.04
100,815.94,154.52,153.69,0.03,0.45000,17.85720,-0.05
100,200.00,154.77,154.27,0.03,0.45000,17.85720,-0.05
100,200.00,154.77,153.77,0.87,0.45000,17.87440,-0.17
100,815.94,154.77,153.06,-0.69,0.45000,17.87440,0.17
100,200.00,154.77,154.18,0.02,0.45000,17.90880,0.14
100,200.00,154.77,154.83,1.21,0.45000,17.90880,-0.26
100,200.00,154.77,154.49,1.21,0.45000,3.46080,-0.26
100,815.94,154.77,153.93,-0.37,0.45000,17.87440,0.16
100,200.00,154.77,154.22,-0.29,0.45000,17.87440,-0.25
100,200.00,154.77,153.84,-0.09,0.45000,17.87440,-0.46
100,815.94,154.77,153.09,-0.09,0.45000,17.87440,-0.46
100,815.94,154.77,153.93,-0.81,0.45000,17.87440,0.33
100,200.00,154.89,154.75,1.18,0.45000,17.84000,0.04
100,200.00,154.89,154.51,0.27,0.45000,17.87440,-0.05
100,815.94,154.89,153.95,-0.54,0.45000,17.87440,-0.03
100,200.00,154.89,154.23,-0.54,0.45000,3.20280,-0.03
100,200.00,154.89,153.91,0.14,0.45000,17.87440,0.62
100,815.94,154.89,153.19,-0.54,0.45000,17.87440,-0.23
100,815.94,154.89,153.99,-0.03,0.45000,17.87440,0.04
100,200.00,154.89,154.77,-0.03,0.45000,17.87440,0.04
100,200.00,154.89,154.51,1.03,0.45000,17.87440,-0.11
100,815.94,154.89,153.94,-0.37,0.45000,17.77120,0.22
100,200.00,154.89,154.19,-0.28,0.45000,17.85720,-0.17
100,200.00,154.89,153.86,-0.11,0.45000,17.85720,-0.46
100,815.94,154.95,153.25,-0.11,0.45000,3.47800,-0.46
100,200.00,154.95,154.21,-0.57,0.45000,17.87440,0.33
100,200.00,154.95,154.73,1.23,0.45000,17.87440,-0.11
100,200.00,154.95,154.43,-0.09,0.45000,17.87440,-0.15
100,815.94,154.95,153.88,-0.09,0.45000,17.87440,-0.15
100,200.00,154.95,154.09,-0.59,0.45000,17.87440,0.03
100,200.00,154.95,153.68,0.13,0.45000,17.75400,-0.19
100,815.94,154.95,153.39,-0.68,0.45000,17.87440,0.31
100,200.00,154.95,154.55,1.00,0.45000,17.87440,-0.02
100,200.00,154.95,154.71,1.00,0.45000,3.70160,-0.02
100,200.00,154.95,154.30,0.26,0.45000,17.87440,0.03
100,815.94,154.98,153.92,-0.60,0.45000,17.87440,-0.07
100,200.00,154.98,154.03,0.07,0.45000,17.82280,0.52
100,200.00,154.98,153.52,0.07,0.45000,17.82280,0.52
100,815.94,154.98,153.63,-0.53,0.45000,17.90880,-0.14
100,200.00,154.98,154.73,0.46,0.45000,17.87440,0.32
100,200.00,154.98,154.62,0.70,0.45000,17.85720,-0.29
100,200.00,154.98,154.13,-0.46,0.45000,17.85720,0.01
100,200.00,154.98,154.05,-0.46,0.45000,3.20280,0.01
100,200.00,154.98,153.92,-0.13,0.45000,17.87440,0.21
100,815.94,154.98,153.31,-0.37,0.45000,17.87440,-0.25
100,815.94,154.98,154.05,-0.01,0.45000,17.89160,0.17
100,200.00,154.98,154.76,-0.01,0.45000,17.89160,0.17
100,200.00,155.00,154.49,0.94,0.45000,17.87440,-0.13
100,815.94,155.00,153.90,-0.38,0.45000,17.78840,0.24
100,200.00,155.00,154.08,-0.33,0.45000,17.87440,-0.17
100,200.00,155.00,153.73,-0.15,0.45000,17.87440,-0.43
100,815.94,155.00,153.37,-0.15,0.45000,2.97920,-0.43
100,200.00,155.00,154.49,-0.30,0.45000,17.87440,-0.01
100,200.00,155.00,154.73,1.20,0.45000,17.87440,0.12
100,200.00,155.00,154.34,-0.27,0.45000,17.87440,-0.07
100,815.94,155.00,153.88,-0.27,0.45000,17.87440,-0.07
100,200.00,155.00,154.02,-0.52,0.45000,17.82280,0.03
100,200.00,155.00,153.51,0.03,0.45000,17.75400,-0.39
100,815.94,90.00,153.66,-0.54,0.45000,17.87440,0.42
100,-815.94,90.00,154.48,1.14,0.45000,17.87440,-0.31
100,-815.94,90.00,151.58,1.14,0.45000,3.04800,-0.31
100,-815.94,90.00,145.30,-3.32,0.45000,17.82280,0.09
100,-815.94,90.00,135.91,-8.04,0.45000,17.90880,-0.22
100,-815.94,90.00,123.70,-11.34,0.45000,17.87440,0.13
100,-815.94,90.00,110.91,-12.70,0.54000,17.90880,-3.01
100,815.94,90.00,97.49,-12.74,0.54000,17.78840,7.32
100,815.94,90.00,87.24,-12.18,0.72000,17.78840,-1.22
100,815.94,90.00,82.75,-12.18,0.81000,11.25240,-1.22
100,815.94,90.00,82.72,-4.80,0.81000,18.14960,-2.63
100,815.94,122.51,85.64,1.07,0.81000,18.20120,3.14
100,815.94,122.51,90.82,4.91,0.81000,18.20120,-1.61
100,815.94,122.51,98.25,7.65,0.81000,18.20120,2.39
100,815.94,122.51,106.92,7.65,0.72000,7.48560,2.39
100,815.94,122.51,116.67,9.47,0.72000,18.21840,-0.92
100,815.94,122.51,126.65,10.78,0.63000,18.21840,-0.76
100,-815.94,122.51,133.08,10.01,0.54000,18.20120,-2.47
100,-815.94,122.51,133.28,2.22,0.72000,18.20120,-0.69
100,-815.94,122.51,129.45,2.22,0.63000,1.50000,-0.69
100,-815.94,122.51,122.52,-4.52,0.63000,19.16440,-1.53
100,815.94,122.51,114.77,-8.80,0.63000,17.89160,1.74
100,815.94,138.76,111.05,-6.23,0.63000,17.89160,0.80
100,815.94,138.76,111.36,-0.63,0.63000,17.89160,-0.89
100,815.94,138.76,114.07,-0.63,0.63000,17.87440,-0.89
100,815.94,138.76,118.56,3.23,0.63000,17.89160,-0.16
100,815.94,138.76,124.33,5.64,0.63000,17.89160,0.13
100,815.94,138.76,131.36,7.38,0.54000,17.87440,-0.52
100,815.94,138.76,139.27,8.44,0.63000,17.87440,1.60
100,-815.94,138.76,147.00,8.44,0.45000,1.50000,1.60
100,-815.94,138.76,149.34,8.34,0.54000,17.87440,-0.12
100,-815.94,138.76,146.99,0.96,0.54000,17.89160,0.12
100,-815.94,138.76,141.24,-4.94,0.54000,17.87440,0.60
100,-815.94,81.88,132.13,-9.25,0.54000,17.87440,0.68
100,815.94,81.88,121.44,-9.25,0.63000,1.50000,0.68
100,815.94,81.88,115.59,-10.54,0.45000,17.90880,2.73
100,-815.94,81.88,111.92,-5.32,0.54000,17.90880,0.07
100,-815.94,81.88,105.61,-5.92,0.54000,17.87440,-1.60
100,815.94,81.88,100.45,-6.72,0.63000,17.87440,-1.82
100,-815.94,81.88,99.34,-6.72,0.63000,17.65080,-1.82
100,-815.94,81.88,97.71,-1.36,0.63000,17.92600,0.57
100,569.65,81.88,93.22,-2.94,0.72000,17.92600,-0.27
100,815.94,81.88,90.02,-5.09,0.72000,17.82280,-0.66
100,192.12,81.88,90.62,-5.09,0.72000,17.82280,-0.66
100,-815.94,53.43,90.08,-0.14,0.72000,18.20120,0.06
100,-815.94,53.43,86.24,-1.30,0.81000,18.27000,0.12
100,-815.94,53.43,79.99,-5.69,0.81000,18.20120,-0.22
100,-815.94,53.43,71.49,-8.71,0.81000,18.20120,-0.96
100,815.94,53.43,63.31,-8.71,0.72000,53.68480,-0.96
100,815.94,53.43,60.33,-8.61,0.72000,18.20120,-1.63
100,815.94,53.43,61.45,-2.11,0.72000,18.20120,0.43
100,-815.94,53.43,65.18,3.30,0.72000,18.21840,1.12
100,-815.94,53.43,66.27,3.30,0.81000,18.21840,1.12
100,-815.94,53.43,64.02,2.00,0.72000,18.20120,-0.37
100,-815.94,53.43,59.31,-3.09,0.72000,18.16680,0.13
100,815.94,39.21,53.88,-6.31,0.63000,18.20120,-0.18
100,815.94,39.21,53.23,-2.75,0.63000,17.94320,-0.45
100,-815.94,39.21,53.43,-2.75,0.63000,17.94320,-0.45
100,-815.94,39.21,51.14,0.30,0.63000,17.87440,-0.54
100,-815.94,39.21,46.96,-3.29,0.63000,17.99480,0.33
100,815.94,39.21,43.95,-5.06,0.63000,18.02920,-0.04
100,-157.58,39.21,45.39,0.55,0.63000,18.02920,-0.29
100,-815.94,39.21,46.25,0.55,0.63000,17.56480,-0.29
100,-815.94,39.21,44.14,0.91,0.63000,17.87440,0.48
100,815.94,39.21,40.98,-3.17,0.54000,17.90880,-0.16
100,815.94,39.21,41.52,-1.53,0.63000,17.87440,-0.03
100,-815.94,39.21,43.06,-1.53,0.63000,17.87440,-0.03
100,-815.94,32.10,41.70,1.82,0.54000,17.87440,0.12
100,-815.94,32.10,38.36,-1.97,0.54000,17.84000,0.29
100,815.94,32.10,36.29,-4.08,0.54000,17.87440,-0.15
100,-815.94,32.10,37.53,0.61,0.54000,17.87440,-0.45
100,-815.94,32.10,36.40,0.61,0.54000,3.23720,-0.45
100,815.94,32.10,34.26,-1.20,0.54000,17.87440,0.20
100,-815.94,32.10,35.44,-1.44,0.54000,17.87440,0.08
100,-815.94,32.10,34.95,0.84,0.54000,17.87440,0.60
100,815.94,32.10,33.04,0.84,0.54000,17.87440,0.60
100,-815.94,32.10,34.29,-2.04,0.54000,17.87440,-0.17
100,-815.94,32.10,33.74,1.29,0.54000,17.87440,0.12
100,815.94,28.55,32.33,-1.71,0.54000,17.87440,0.03
100,-815.94,28.55,32.62,0.16,0.54000,17.87440,-0.04
100,815.94,28.55,30.93,0.16,0.54000,2.41160,-0.04
100,-815.94,28.55,31.53,-1.68,0.54000,17.87440,0.12
100,-815.94,28.55,30.52,0.48,0.54000,17.85720,-0.04
100,815.94,28.55,30.10,-1.40,0.45000,17.87440,-0.07
100,-815.94,28.55,30.36,-1.40,0.54000,17.87440,-0.07
100,815.94,28.55,29.49,0.42,0.45000,17.87440,-0.03
100,-815.94,28.55,29.94,-0.36,0.45000,17.84000,-0.40
100,815.94,28.55,28.99,-0.69,0.45000,17.87440,0.55
100,-815.94,28.55,29.71,0.54,0.45000,17.87440,-0.44
100,815.94,26.77,28.61,0.54,0.45000,2.89320,-0.44
100,-815.94,26.77,29.06,-1.02,0.45000,17.87440,0.52
100,815.94,26.77,27.99,0.08,0.45000,17.87440,-0.21
100,-815.94,26.77,28.52,-0.11,0.45000,17.87440,-0.60
100,815.94,26.77,27.50,-0.11,0.45000,17.87440,-0.60
100,-815.94,26.77,28.01,-0.92,0.45000,17.87440,0.60
100,815.94,26.77,27.18,0.20,0.45000,17.87440,-0.13
100,-815.94,26.77,27.68,0.04,0.45000,17.87440,-0.26
100,815.94,26.77,27.16,-0.68,0.45000,17.87440,0.43
100,-815.94,26.77,27.25,-0.68,0.45000,2.89320,0.43
100,-815.94,26.77,27.38,0.03,0.45000,17.87440,0.05
100,815.94,26.77,26.82,0.24,0.45000,17.87440,0.10
100,-815.94,25.88,27.22,-0.02,0.45000,17.87440,-0.30
100,815.94,25.88,26.56,-0.02,0.36000,17.87440,-0.30
100,-815.94,25.88,26.72,-0.62,0.45000,17.87440,0.27
100,-815.94,25.88,26.63,-0.20,0.36000,17.87440,-0.03
100,-815.94,25.88,26.32,0.35,0.36000,17.87440,0.15
100,-815.94,25.88,26.40,-0.51,0.36000,17.87440,-0.16
100,815.94,25.88,25.96,-0.51,0.36000,2.87600,-0.16
100,-815.94,25.88,26.33,-0.28,0.36000,17.87440,0.11
100,815.94,25.88,26.08,0.19,0.36000,17.87440,-0.02
100,815.94,25.88,25.88,0.07,0.36000,17.80560,0.69
100,-815.94,25.88,26.25,0.07,0.36000,17.80560,0.69
100,485.86,25.43,25.99,0.08,0.36000,17.87440,-0.03
100,815.94,25.43,25.71,-0.06,0.36000,17.78840,-0.52
100,-815.94,25.43,26.05,-0.23,0.36000,17.87440,-0.41
100,815.94,25.43,25.74,-0.32,0.36000,17.87440,0.25
100,-799.89,25.43,25.62,-0.32,0.36000,2.25680,0.25
100,-815.94,25.43,25.95,-0.11,0.36000,17.87440,-0.12
100,815.94,25.43,25.42,0.27,0.36000,17.87440,0.47
100,-815.94,25.43,25.78,0.15,0.36000,18.83760,0.14
100,200.00,25.43,25.55,0.15,0.36000,18.83760,0.14
100,-815.94,25.43,25.46,-0.29,0.36000,17.87440,-0.38
100,200.00,25.43,25.71,-0.30,0.36000,18.83760,0.24
100,815.94,25.43,25.24,0.40,0.36000,18.85480,-0.35
100,815.94,90.22,26.57,0.36,0.36000,18.85480,-0.35
100,815.94,90.22,31.10,0.36,0.36000,1.50000,-0.35
100,815.94,90.22,38.20,5.31,0.36000,18.83760,0.46
100,815.94,90.22,47.91,8.95,0.36000,18.88920,0.09
100,815.94,90.22,59.96,11.49,0.54000,17.85720,-1.61
100,815.94,90.22,72.24,12.87,0.63000,17.77120,-3.96
100,-815.94,90.22,84.70,12.70,0.72000,17.77120,1.50
100,-815.94,90.22,92.26,12.70,0.72000,1.50000,1.50
100,-815.94,90.22,93.78,8.29,0.81000,18.20120,5.56
100,-815.94,90.22,91.60,0.35,0.81000,18.28720,-1.75
100,-815.94,57.61,86.66,-4.37,0.81000,18.20120,-0.20
100,-815.94,57.61,78.80,-7.97,0.81000,18.20120,0.04
100,815.94,57.61,69.45,-7.97,0.81000,5.16360,0.04
100,815.94,57.61,63.04,-10.08,0.72000,18.25280,-0.72
100,815.94,57.61,61.67,-5.40,0.81000,18.20120,-2.93
100,815.94,57.61,63.79,0.82,0.81000,18.18400,0.70
100,-815.94,57.61,68.15,0.82,0.81000,18.18400,0.70
100,-815.94,57.61,69.88,4.82,0.81000,18.20120,0.41
100,-815.94,57.61,67.88,1.13,0.81000,18.20120,1.19
100,-815.94,57.61,63.46,-3.58,0.81000,18.18400,-0.31
100,815.94,57.61,57.76,-6.56,0.72000,18.18400,-0.43
100,815.94,57.61,55.51,-6.56,0.72000,1.50000,-0.43
100,815.94,106.31,57.27,-2.48,0.72000,18.20120,-0.65
100,815.94,106.31,61.80,3.28,0.72000,18.20120,-0.12
100,815.94,106.31,68.50,6.84,0.81000,18.20120,-0.11
100,815.94,106.31,77.41,6.84,0.81000,45.30840,-0.11
100,815.94,106.31,87.83,9.67,0.81000,18.16680,-0.59
100,-815.94,106.31,99.57,11.50,0.72000,18.16680,-1.26
100,-815.94,106.31,106.73,11.03,0.63000,18.18400,-3.69
100,-815.94,106.31,107.66,3.72,0.72000,18.20120,0.84
100,-815.94,106.31,105.06,3.72,0.72000,18.20120,0.84
100,-815.94,106.31,99.59,-2.61,0.72000,18.20120,-1.78
100,815.94,65.65,94.17,-6.55,0.72000,18.14960,-1.36
100,815.94,65.65,93.18,-4.12,0.72000,18.20120,0.23
100,-815.94,65.65,93.81,0.62,0.72000,18.20120,0.79
100,-815.94,65.65,91.59,0.62,0.72000,18.20120,0.79
100,-815.94,65.65,86.57,-2.37,0.81000,18.20120,-0.40
100,-815.94,65.65,78.63,-6.26,0.81000,18.18400,-0.30
100,815.94,65.65,72.01,-8.93,0.81000,18.23560,1.44
100,815.94,65.65,69.99,-4.52,0.81000,18.20120,1.67
100,815.94,65.65,71.46,-4.52,0.81000,18.20120,1.67
100,-815.94,65.65,75.38,1.23,0.81000,18.20120,-1.02
100,-815.94,65.65,76.30,4.17,0.81000,18.20120,0.61
100,-815.94,65.65,73.64,-0.90,0.81000,18.20120,-1.18
100,815.94,110.33,69.30,-4.85,0.81000,18.20120,0.97
100,815.94,110.33,68.49,-4.85,0.81000,1.77520,0.97
100,815.94,110.33,71.08,-1.02,0.81000,18.20120,-0.73
100,815.94,110.33,76.11,3.89,0.81000,18.20120,0.20
100,815.94,110.33,83.05,7.07,0.81000,18.20120,1.00
100,815.94,110.33,91.83,9.38,0.81000,18.20120,-0.94
100,815.94,110.33,101.93,9.38,0.81000,1.50000,-0.94
100,-815.94,110.33,112.25,10.48,0.63000,18.23560,-2.28
100,-815.94,110.33,117.73,10.59,0.63000,18.20120,-3.37
100,-815.94,110.33,117.58,2.36,0.72000,18.23560,0.09
100,-815.94,110.33,113.94,2.36,0.63000,18.23560,0.09
100,815.94,132.67,107.17,-3.86,0.72000,18.20120,-1.58
100,815.94,132.67,101.90,-7.67,0.72000,18.25280,0.81
100,815.94,132.67,100.78,-4.00,0.72000,18.20120,-0.08
100,815.94,132.67,102.34,0.74,0.63000,18.20120,-0.08
100,815.94,132.67,105.90,0.74,0.63000,35.69360,-0.08
100,815.94,132.67,111.07,4.07,0.63000,18.25280,-0.14
100,815.94,132.67,117.44,6.39,0.63000,18.21840,-0.59
100,815.94,132.67,125.31,8.02,0.63000,19.11280,1.80
100,815.94,132.67,133.60,9.06,0.54000,19.11280,-0.62
100,-815.94,132.67,142.02,9.06,0.63000,1.50000,-0.62
100,-815.94,132.67,145.16,8.75,0.63000,19.13000,-0.31
100,-815.94,143.84,143.43,1.64,0.54000,17.87440,0.55
100,-815.94,143.84,138.67,-4.30,0.63000,17.87440,-0.01
100,815.94,143.84,132.03,-4.30,0.63000,42.48760,-0.01
100,815.94,143.84,129.28,-6.98,0.54000,17.87440,0.89
100,815.94,143.84,129.47,-2.03,0.54000,17.87440,-0.52
100,815.94,143.84,131.55,1.51,0.54000,17.87440,-0.46
100,815.94,143.84,134.95,1.51,0.54000,17.87440,-0.46
100,815.94,143.84,139.71,3.85,0.54000,17.92600,0.04
100,815.94,143.84,145.22,5.57,0.54000,17.90880,0.06
100,-815.94,143.84,150.51,6.69,0.54000,17.90880,0.57
100,-815.94,143.84,150.25,2.03,0.54000,17.94320,0.04
100,-815.94,149.43,146.35,2.03,0.54000,17.94320,0.04
100,815.94,149.43,141.55,-4.33,0.54000,17.90880,0.13
100,815.94,149.43,140.30,-4.76,0.54000,17.84000,-0.36
100,815.94,149.43,141.63,-0.01,0.54000,17.87440,-0.41
100,815.94,149.43,144.42,2.79,0.54000,17.87440,0.27
100,815.94,149.43,148.34,2.79,0.54000,1.50000,0.27
100,-815.94,149.43,152.64,4.57,0.54000,17.87440,-0.22
100,-815.94,149.43,152.59,3.54,0.54000,17.87440,0.61
100,815.94,149.43,148.80,-3.09,0.54000,17.87440,-0.37
100,815.94,149.43,146.34,-3.09,0.54000,36.93200,-0.37
100,815.94,149.43,146.83,-2.99,0.54000,17.87440,-0.21
100,815.94,149.43,148.89,1.20,0.54000,17.90880,0.11
100,-815.94,87.21,150.61,2.78,0.54000,17.87440,-0.20
100,-815.94,87.21,148.23,2.78,0.54000,17.87440,-0.20
100,-815.94,87.21,142.37,-2.24,0.54000,17.90880,-0.15
100,-815.94,87.21,133.19,-7.07,0.54000,17.89160,-0.36
100,-815.94,87.21,121.16,-10.78,0.54000,17.87440,2.56
100,-815.94,87.21,108.56,-12.55,0.54000,17.87440,4.06
100,-815.94,87.21,95.49,-12.50,0.72000,17.89160,6.10
100,815.94,87.21,83.75,-13.45,0.81000,18.23560,-5.74
100,815.94,87.21,77.77,-7.74,0.81000,18.23560,-2.49
100,815.94,87.21,76.48,-7.74,0.90000,17.42720,-2.49
100,815.94,56.10,78.39,-1.43,0.81000,18.20120,3.52
100,815.94,56.10,82.85,3.15,0.81000,18.20120,0.70
100,-815.94,56.10,89.29,6.47,0.81000,18.21840,-0.78
100,-815.94,56.10,93.40,5.83,0.81000,18.21840,0.18
100,-815.94,56.10,92.73,5.83,0.81000,18.20120,0.18
100,-815.94,56.10,88.82,-0.83,0.81000,18.20120,0.61
100,-815.94,56.10,82.51,-5.39,0.81000,18.20120,0.26
100,-815.94,56.10,73.99,-8.47,0.90000,18.20120,-0.86
100,-815.94,56.10,63.75,-10.72,0.72000,18.20120,2.92
100,815.94,56.10,52.60,-10.72,0.72000,1.50000,2.92
100,815.94,56.10,46.76,-11.10,0.72000,18.20120,3.53
100,815.94,40.55,46.08,-4.73,0.54000,17.87440,-0.75
100,815.94,40.55,48.81,1.55,0.63000,17.84000,0.52
100,815.94,40.55,54.12,1.55,0.54000,17.84000,0.52
100,-815.94,40.55,59.83,5.75,0.63000,17.89160,-0.51
100,-815.94,40.55,61.06,5.67,0.63000,17.87440,-1.85
100,-815.94,40.55,59.13,-0.54,0.63000,17.84000,1.21
100,-815.94,40.55,55.02,-4.21,0.54000,17.84000,-0.04
100,-815.94,40.55,49.20,-4.21,0.54000,13.66040,-0.04
100,-815.94,40.55,41.38,-6.62,0.54000,17.84000,-0.42
100,815.94,40.55,35.32,-8.86,0.54000,17.89160,1.05
100,815.94,40.55,34.42,-3.94,0.54000,17.87440,0.44
100,815.94,40.55,37.42,2.50,0.54000,17.87440,-0.32
100,815.94,97.78,43.16,2.50,0.54000,15.26000,-0.32
100,815.94,97.78,51.93,6.54,0.54000,17.94320,0.98
100,815.94,97.78,62.23,10.25,0.63000,17.90880,-1.66
100,815.94,97.78,74.74,12.03,0.72000,17.84000,-3.88
100,-815.94,97.78,85.14,13.14,0.81000,18.14960,-5.37
100,-815.94,97.78,89.54,6.48,0.81000,18.14960,-0.38
100,-815.94,97.78,89.16,6.48,0.81000,3.27160,-0.38
100,-815.94,97.78,85.58,-0.35,0.81000,18.20120,1.61
100,815.94,97.78,81.50,-4.92,0.81000,18.20120,-1.38
100,815.94,97.78,81.27,-2.28,0.81000,18.20120,0.84
100,815.94,61.39,84.06,-2.28,0.81000,18.20120,0.84
100,-815.94,61.39,89.35,2.91,0.81000,18.40760,-0.50
100,-815.94,61.39,92.05,5.83,0.81000,18.20120,-0.68
100,-815.94,61.39,90.52,0.91,0.81000,18.20120,0.19
100,-815.94,61.39,85.99,-4.24,0.81000,18.20120,-0.04
100,-815.94,61.39,78.78,-4.24,0.81000,1.50000,-0.04
100,-815.94,61.39,69.48,-7.69,0.81000,18.13240,-1.16
100,815.94,61.39,60.18,-10.59,0.72000,18.21840,3.18
100,815.94,61.39,55.53,-8.24,0.63000,18.20120,2.84
100,815.94,61.39,55.91,-1.11,0.72000,18.20120,-1.54
100,815.94,61.39,59.57,-1.11,0.63000,1.96440,-1.54
100,815.94,61.39,65.69,4.07,0.72000,19.11280,-1.11
100,-815.94,43.19,71.63,7.87,0.81000,18.14960,-0.98
100,-815.94,43.19,72.65,3.83,0.81000,18.20120,1.38
100,-815.94,43.19,70.37,-1.88,0.81000,18.20120,-0.01
100,-815.94,43.19,65.75,-1.88,0.81000,17.16920,-0.01
100,-815.94,43.19,59.12,-5.22,0.72000,18.23560,-0.23
100,-815.94,43.19,50.78,-8.47,0.63000,18.18400,0.23
100,815.94,43.19,41.25,-9.90,0.72000,17.90880,-0.99
100,815.94,43.19,35.03,-8.44,0.54000,17.90880,-3.26
100,815.94,43.19,34.27,-8.44,0.54000,1.50000,-3.26
100,815.94,43.19,37.41,-0.77,0.63000,17.87440,-0.83
100,815.94,43.19,43.23,4.80,0.54000,17.87440,-0.18
100,815.94,99.10,51.91,8.37,0.54000,17.87440,0.10
100,815.94,99.10,62.37,10.93,0.72000,17.87440,1.78
100,-815.94,99.10,71.43,10.93,0.72000,1.50000,1.78
100,-815.94,99.10,74.52,8.99,0.81000,17.87440,0.78
100,815.94,99.10,74.82,2.15,0.81000,18.20120,0.66
100,815.94,99.10,77.51,1.76,0.81000,18.20120,1.50
100,815.94,99.10,82.21,1.76,0.81000,18.20120,1.50
100,-815.94,99.10,88.99,5.33,0.81000,18.23560,0.43
100,-815.94,99.10,91.88,7.51,0.81000,18.16680,-1.80
100,-815.94,99.10,90.49,1.10,0.81000,18.20120,0.96
100,815.94,99.10,88.36,-2.81,0.81000,18.20120,-0.87
100,815.94,62.05,89.36,-2.81,0.81000,3.46080,-0.87
100,-815.94,62.05,89.68,1.07,0.81000,18.20120,0.01
100,-815.94,62.05,86.60,-0.91,0.81000,18.20120,-0.43
100,-815.94,62.05,81.01,-5.24,0.81000,18.25280,0.47
100,-815.94,62.05,72.93,-8.29,0.81000,18.25280,-0.65
100,815.94,62.05,66.47,-8.29,0.72000,2.20520,-0.65
100,815.94,62.05,65.05,-7.02,0.81000,18.20120,-2.37
100,815.94,62.05,67.03,-0.48,0.81000,18.33880,0.95
100,-815.94,62.05,71.25,4.06,0.81000,18.25280,0.42
100,-815.94,62.05,72.46,4.06,0.81000,18.25280,0.42
100,-815.94,62.05,70.26,2.15,0.81000,18.20120,0.46
100,815.94,108.53,65.81,-2.98,0.81000,18.20120,0.26
100,815.94,108.53,63.44,-4.78,0.72000,18.20120,-0.60
100,815.94,108.53,65.01,0.51,0.72000,18.20120,-0.95
100,815.94,108.53,69.35,0.51,0.81000,1.50000,-0.95
100,815.94,108.53,75.93,5.07,0.81000,18.20120,0.52
100,815.94,108.53,84.52,8.33,0.81000,18.13240,-1.47
100,815.94,108.53,94.73,10.47,0.81000,18.25280,1.81
100,815.94,108.53,106.48,11.76,0.72000,18.25280,0.86
100,-815.94,108.53,115.73,11.76,0.63000,59.60160,0.86
100,-815.94,108.53,118.23,9.77,0.63000,19.16440,-3.86
100,-815.94,108.53,116.18,1.21,0.72000,19.13000,-1.04
100,-815.94,66.76,110.90,-4.52,0.72000,19.13000,-0.10
100,-815.94,66.76,102.65,-8.36,0.72000,19.13000,-0.28
100,-815.94,66.76,92.24,-8.36,0.81000,1.50000,-0.28
100,815.94,66.76,80.12,-11.07,0.90000,18.18400,2.88
100,815.94,66.76,72.19,-12.07,0.81000,18.20120,3.95
100,815.94,66.76,69.81,-5.85,0.81000,18.20120,-0.63
100,815.94,66.76,71.32,0.53,0.81000,18.20120,0.48
100,815.94,66.76,75.59,0.53,0.81000,1.72360,0.48
100,-815.94,66.76,80.93,4.71,0.90000,18.21840,-1.72
100,-815.94,66.76,82.16,5.30,0.90000,18.37320,1.74
100,-815.94,66.76,79.76,-1.09,0.81000,18.20120,-1.28
100,-815.94,45.88,74.91,-1.09,0.90000,18.20120,-1.28
100,-815.94,45.88,67.69,-5.24,0.81000,18.13240,1.19
100,815.94,45.88,58.87,-8.77,0.72000,18.20120,0.58
100,815.94,45.88,53.56,-8.89,0.63000,18.20120,1.16
100,815.94,45.88,53.15,-2.30,0.72000,18.20120,0.12
100,815.94,45.88,56.00,-2.30,0.72000,33.97360,0.12
100,-815.94,45.88,58.08,3.11,0.72000,19.13000,-0.48
100,-815.94,45.88,56.66,1.06,0.72000,18.13240,-0.41
100,-815.94,45.88,53.03,-3.16,0.63000,17.87440,0.18
100,815.94,45.88,48.14,-3.16,0.63000,17.87440,0.18
100,815.94,45.88,45.96,-5.82,0.63000,17.90880,-0.28
100,815.94,35.43,47.60,-1.53,0.63000,17.87440,-0.20
100,-815.94,35.43,50.18,2.97,0.63000,17.87440,-0.10
100,-815.94,35.43,49.35,0.20,0.63000,17.87440,-0.24
100,-815.94,35.43,46.14,0.20,0.63000,1.99880,-0.24
100,-815.94,35.43,41.19,-3.70,0.63000,17.92600,-0.10
100,815.94,35.43,37.17,-6.03,0.63000,17.92600,0.22
100,815.94,35.43,37.68,-1.91,0.63000,17.87440,0.23
100,-815.94,35.43,40.74,3.17,0.63000,17.87440,0.35
100,-815.94,35.43,40.98,3.17,0.63000,17.84000,0.35
100,-815.94,35.43,38.66,0.25,0.63000,17.92600,-0.41
100,815.94,35.43,35.24,-3.37,0.63000,17.87440,0.05
100,815.94,35.43,35.67,-1.85,0.63000,17.82280,0.03
100,815.94,95.22,39.41,-1.85,0.63000,17.82280,0.03
100,815.94,95.22,46.07,3.84,0.63000,17.87440,0.09
100,815.94,95.22,55.11,8.28,0.63000,17.82280,0.04
100,815.94,95.22,66.01,10.60,0.72000,17.84000,1.81
100,-815.94,95.22,77.34,12.40,0.81000,19.18160,2.11
100,-815.94,95.22,82.95,8.25,0.81000,19.18160,4.09
100,-815.94,95.22,83.61,8.25,0.90000,34.42080,4.09
100,-815.94,95.22,81.03,1.05,0.81000,18.14960,0.67
100,815.94,95.22,78.37,-3.64,0.81000,18.20120,0.21
100,815.94,95.22,79.10,-0.80,0.90000,18.20120,-0.03
100,815.94,95.22,82.38,-0.80,0.81000,18.20120,-0.03
100,-815.94,60.11,88.05,3.54,0.81000,18.16680,-0.35
100,-815.94,60.11,91.08,6.25,0.81000,18.20120,-1.21
100,-815.94,60.11,89.83,1.24,0.81000,18.20120,0.85
100,-815.94,60.11,85.57,-3.93,0.81000,18.20120,-1.05
100,-815.94,60.11,78.63,-3.93,0.81000,1.50000,-1.05
100,-815.94,60.11,69.61,-7.38,0.81000,18.20120,-0.23
100,815.94,60.11,59.75,-10.33,0.72000,18.18400,2.35
100,815.94,60.11,53.76,-9.52,0.63000,18.20120,3.17
100,815.94,60.11,52.88,-2.59,0.72000,18.20120,-1.39
100,815.94,60.11,55.33,-2.59,0.63000,2.34280,-1.39
100,815.94,60.11,60.53,2.83,0.63000,17.85720,-1.08
100,-815.94,42.55,68.05,6.75,0.72000,19.21600,-1.62
100,-815.94,42.55,71.85,6.92,0.81000,18.20120,1.61
100,-815.94,42.55,71.28,0.64,0.81000,18.20120,-0.74
100,-815.94,42.55,68.03,0.64,0.81000,2.22240,-0.74
100,-815.94,42.55,62.59,-3.77,0.72000,18.20120,0.86
100,-815.94,42.55,54.92,-6.85,0.63000,18.20120,-0.28
100,-815.94,42.55,46.11,-8.97,0.63000,17.90880,1.02
100,815.94,42.55,36.85,-10.38,0.54000,17.90880,1.54
100,815.94,42.55,32.02,-10.38,0.63000,44.37960,1.54
100,815.94,42.55,32.25,-5.59,0.54000,17.87440,0.93
100,815.94,42.55,35.88,1.49,0.54000,18.06360,0.31
100,815.94,98.78,42.21,6.00,0.54000,17.92600,-0.52
100,815.94,98.78,51.38,9.44,0.54000,17.92600,-0.42
100,815.94,98.78,62.37,9.44,0.63000,1.50000,-0.42
100,815.94,98.78,74.86,11.72,0.72000,17.90880,-0.54
100,-815.94,98.78,85.10,12.23,0.81000,18.18400,-2.05
100,-815.94,98.78,89.37,8.68,0.81000,18.23560,-2.36
100,-815.94,98.78,88.91,1.24,0.81000,18.20120,0.83
100,-815.94,98.78,85.54,1.24,0.81000,18.20120,0.83
100,815.94,98.78,81.82,-3.79,0.81000,18.13240,-0.02
100,815.94,98.78,81.94,-3.38,0.90000,18.16680,-0.28
100,815.94,98.78,84.83,1.59,0.81000,18.20120,-0.06
100,815.94,126.90,90.01,5.21,0.81000,18.20120,0.04
100,815.94,126.90,97.33,5.21,0.81000,1.50000,0.04
100,815.94,126.90,106.02,7.83,0.72000,18.20120,1.67
100,-815.94,126.90,114.97,10.06,0.72000,17.84000,-0.99
100,-815.94,126.90,118.83,7.71,0.63000,17.90880,0.21
100,-815.94,126.90,117.55,0.08,0.72000,17.90880,0.03
100,815.94,126.90,114.01,0.08,0.72000,1.50000,0.03
100,815.94,126.90,113.42,-3.74,0.63000,17.87440,0.91
100,815.94,126.90,115.53,0.62,0.63000,17.89160,-0.90
100,815.94,126.90,119.40,3.78,0.63000,17.89160,0.26
100,815.94,126.90,124.73,3.78,0.63000,37.01800,0.26
100,-815.94,75.95,127.75,5.82,0.63000,17.85720,0.67
100,-815.94,75.95,126.03,1.74,0.63000,17.87440,0.48
100,-815.94,75.95,121.12,-4.16,0.72000,17.87440,-0.06
100,-815.94,75.95,113.03,-8.12,0.72000,17.87440,-1.34
100,-815.94,75.95,102.71,-8.12,0.63000,1.50000,-1.34
100,-815.94,75.95,90.16,-10.99,0.81000,17.89160,-2.03
100,815.94,75.95,77.84,-12.46,0.90000,18.21840,-2.33
100,815.94,75.95,69.93,-12.07,0.81000,18.16680,-4.44
100,815.94,75.95,67.63,-4.62,0.81000,18.16680,1.33
100,815.94,75.95,69.06,-4.62,0.81000,31.96120,1.33
100,815.94,75.95,73.27,1.46,0.81000,18.21840,-0.45
100,815.94,50.47,79.64,5.66,0.81000,18.20120,0.65
100,-815.94,50.47,86.72,8.22,0.90000,18.25280,0.87
100,-815.94,50.47,88.82,3.81,0.81000,18.25280,-1.31
100,-815.94,50.47,87.02,3.81,0.90000,18.20120,-1.31
100,-815.94,50.47,82.45,-2.17,0.90000,18.23560,1.56
100,-815.94,50.47,75.73,-6.02,0.81000,18.20120,-0.81
100,-815.94,50.47,66.73,-8.85,0.81000,18.25280,1.65
100,-815.94,50.47,56.57,-10.77,0.72000,18.25280,-3.61
100,815.94,50.47,45.08,-10.77,0.54000,1.50000,-3.61
100,815.94,50.47,38.39,-11.10,0.54000,17.85720,-2.90
100,815.94,50.47,37.09,-5.85,0.63000,17.87440,-1.97
100,815.94,102.74,39.58,1.13,0.54000,17.94320,-0.99
100,815.94,102.74,44.81,1.13,0.54000,17.94320,-0.99
100,815.94,102.74,52.55,5.63,0.54000,17.87440,-0.45
100,815.94,102.74,62.83,9.65,0.63000,17.84000,-0.24
100,815.94,102.74,74.93,11.03,0.72000,17.82280,-3.93
100,815.94,102.74,87.63,12.83,0.81000,18.21840,-4.91
100,815.94,102.74,99.44,12.52,0.72000,18.23560,-4.37
100,-815.94,102.74,110.34,12.55,0.63000,18.23560,2.89
100,-815.94,102.74,114.38,12.55,0.63000,10.83960,2.89
100,-815.94,102.74,113.31,4.34,0.63000,17.82280,2.03
100,-815.94,102.74,108.86,-2.47,0.63000,17.92600,-2.03
100,-815.94,128.88,101.37,-6.79,0.63000,17.87440,2.15
100,815.94,128.88,94.08,-8.65,0.72000,17.87440,-0.16
100,815.94,128.88,91.49,-8.65,0.72000,1.50000,-0.16
100,815.94,128.88,92.21,-2.97,0.72000,17.80560,-1.27
100,815.94,128.88,95.45,1.96,0.72000,17.96040,-0.09
100,815.94,128.88,100.68,5.26,0.63000,17.96040,-0.24
100,815.94,128.88,107.88,5.26,0.63000,40.78480,-0.24
100,815.94,128.88,116.14,7.59,0.63000,17.87440,1.31
100,815.94,128.88,125.29,9.56,0.63000,17.90880,-0.73
100,815.94,128.88,134.79,10.24,0.54000,17.82280,-1.92
100,-815.94,141.95,142.99,10.08,0.63000,17.82280,-0.99
100,-815.94,141.95,145.07,10.08,0.54000,39.13360,-0.99
100,-815.94,141.95,142.56,2.78,0.54000,17.85720,-0.72
100,-815.94,141.95,136.68,-4.09,0.54000,17.80560,-1.78
100,815.94,141.95,130.68,-7.51,0.54000,17.87440,1.06
100,815.94,141.95,128.67,-3.27,0.54000,17.87440,0.84
100,815.94,141.95,129.23,-3.27,0.54000,17.87440,0.84
100,815.94,141.95,131.54,0.68,0.54000,17.87440,-0.53
100,815.94,141.95,135.23,3.19,0.54000,17.92600,0.03
100,815.94,141.95,140.08,5.09,0.45000,17.85720,-0.41
100,815.94,141.95,145.64,5.09,0.45000,17.85720,-0.41
100,-815.94,141.95,149.60,6.26,0.54000,17.84000,0.09
100,-815.94,83.47,148.16,3.47,0.45000,17.77120,-0.37
100,-815.94,83.47,143.25,-3.46,0.54000,17.89160,0.56
100,-815.94,83.47,134.83,-7.97,0.54000,17.89160,-1.04
100,-815.94,83.47,124.00,-7.97,0.45000,1.50000,-1.04
100,-815.94,83.47,111.33,-11.58,0.45000,17.87440,-5.09
100,-815.94,83.47,97.92,-12.14,0.63000,17.77120,-6.99
100,815.94,83.47,85.22,-12.58,0.81000,17.87440,3.35
100,815.94,83.47,78.57,-11.13,0.81000,18.20120,4.20
100,815.94,83.47,76.70,-3.70,0.81000,18.20120,-0.63
100,815.94,83.47,78.19,-3.70,0.81000,4.23480,-0.63
100,815.94,119.24,82.37,1.69,0.81000,18.18400,-0.95
100,815.94,119.24,88.65,5.57,0.90000,18.16680,0.02
100,815.94,119.24,96.97,8.36,0.81000,18.16680,-1.68
100,815.94,119.24,106.84,10.33,0.81000,18.16680,2.97
100,-815.94,119.24,116.74,10.33,0.63000,1.50000,2.97
100,-815.94,119.24,121.35,10.36,0.63000,17.87440,0.14
100,-815.94,119.24,120.58,3.35,0.72000,17.87440,-2.43
100,-815.94,119.24,116.34,-3.32,0.63000,17.92600,0.14
100,815.94,119.24,110.45,-3.32,0.72000,17.92600,0.14
100,815.94,119.24,107.54,-6.75,0.72000,17.92600,1.25
100,815.94,119.24,108.08,-2.56,0.63000,17.87440,1.26
100,815.94,119.24,110.96,1.89,0.63000,17.90880,-0.98
100,815.94,137.13,115.63,4.80,0.63000,17.90880,-0.27
100,815.94,137.13,121.61,4.80,0.63000,1.50000,-0.27
100,815.94,137.13,128.74,6.98,0.63000,17.84000,0.18
100,-815.94,137.13,133.77,8.05,0.63000,17.87440,-0.86
100,-815.94,137.13,133.13,1.75,0.63000,17.87440,-0.01
100,815.94,137.13,129.32,1.75,0.63000,17.87440,-0.01
100,815.94,137.13,127.53,-4.03,0.63000,18.01200,0.08
100,815.94,137.13,128.39,-1.44,0.63000,17.78840,-0.45
100,815.94,137.13,131.12,1.96,0.63000,17.87440,-0.10
100,815.94,137.13,135.05,4.37,0.63000,17.87440,0.28
100,-815.94,137.13,138.96,4.37,0.63000,1.50000,0.28
100,-815.94,146.07,138.08,4.09,0.63000,17.87440,-0.36
100,815.94,146.07,135.60,-2.43,0.63000,17.87440,0.42
100,815.94,146.07,135.68,-0.94,0.63000,17.87440,-0.31
100,815.94,146.07,137.42,-0.94,0.63000,17.87440,-0.31
100,815.94,146.07,140.61,1.94,0.63000,17.82280,0.04
100,-815.94,146.07,144.94,4.12,0.63000,17.87440,-0.15
100,200.00,146.07,146.08,3.62,0.63000,17.84000,0.41
100,200.00,146.07,145.86,-0.13,0.63000,17.84000,-0.10
100,200.00,146.07,145.27,-0.13,0.63000,17.87440,-0.10
100,815.94,146.07,143.73,-0.69,0.63000,17.87440,0.08
100,815.94,146.07,143.58,-1.70,0.63000,17.87440,-0.06
100,-815.94,85.53,145.43,1.29,0.63000,17.87440,-0.13
100,-815.94,85.53,144.99,1.29,0.63000,17.87440,-0.13
100,-815.94,85.53,140.58,0.15,0.63000,17.89160,-0.10
100,-815.94,85.53,133.47,-5.56,0.63000,17.87440,0.14
100,-815.94,85.53,123.31,-9.31,0.72000,17.87440,-2.00
100,-815.94,85.53,110.85,-12.10,0.72000,17.89160,-1.99
100,-815.94,85.53,98.38,-12.51,0.72000,17.89160,-3.70
100,815.94,85.53,86.40,-12.51,0.81000,81.87560,-3.70
100,815.94,85.53,79.56,-12.46,0.81000,18.21840,7.98
100,815.94,85.53,77.59,-5.95,0.81000,18.25280,2.24
100,815.94,85.53,79.13,0.12,0.81000,18.20120,-1.85
100,815.94,120.27,83.19,0.12,0.81000,18.20120,-1.85
100,815.94,120.27,89.67,4.28,0.90000,18.20120,-0.00
100,815.94,120.27,98.21,8.01,0.81000,18.18400,1.19
100,815.94,120.27,108.10,9.87,0.72000,18.18400,-0.67
100,-815.94,120.27,119.04,11.25,0.63000,18.18400,-2.84
100,-815.94,120.27,124.80,8.65,0.72000,18.18400,-3.40
100,-815.94,120.27,124.85,8.65,0.72000,34.55840,-3.40
100,-815.94,120.27,121.12,0.38,0.63000,17.87440,0.73
100,-815.94,120.27,114.57,-5.35,0.72000,19.18160,-1.01
100,815.94,120.27,108.82,-7.77,0.72000,19.16440,0.42
100,815.94,120.27,107.11,-3.02,0.72000,19.16440,-0.11
100,815.94,72.63,108.39,-3.02,0.72000,19.16440,-0.11
100,815.94,72.63,111.92,1.56,0.63000,17.92600,0.92
100,-815.94,72.63,113.76,4.14,0.72000,17.85720,-0.76
100,-815.94,72.63,111.47,-0.75,0.72000,17.87440,-0.17
100,-815.94,72.63,106.40,-0.75,0.72000,17.87440,-0.17
100,-815.94,72.63,98.72,-5.46,0.72000,17.87440,-0.01
100,-815.94,72.63,88.88,-9.34,0.90000,18.21840,-0.81
100,815.94,72.63,77.54,-11.37,0.81000,18.25280,3.87
100,815.94,72.63,70.50,-10.23,0.72000,18.25280,4.51
100,815.94,72.63,68.44,-3.65,0.81000,18.25280,-0.22
100,815.94,72.63,70.00,-3.65,0.72000,18.20120,-0.22
100,815.94,48.81,74.31,1.90,0.81000,18.23560,-2.18
100,-815.94,48.81,80.24,5.76,0.81000,18.23560,1.57
100,-815.94,48.81,82.64,5.11,0.81000,18.28720,-0.88
100,-815.94,48.81,81.33,5.11,0.90000,18.28720,-0.88
100,-815.94,48.81,77.15,-1.01,0.81000,18.16680,1.66
100,-815.94,48.81,71.00,-5.17,0.81000,18.14960,-0.25
100,-815.94,48.81,62.76,-7.87,0.72000,18.20120,-0.75
100,-815.94,48.81,53.39,-9.80,0.54000,17.84000,1.80
100,815.94,48.81,44.09,-10.59,0.54000,17.84000,2.68
100,815.94,48.81,39.69,-10.59,0.63000,9.87640,2.68
100,815.94,48.81,40.25,-4.72,0.45000,17.87440,0.60
100,815.94,36.90,44.18,1.88,0.54000,17.90880,-1.12
100,815.94,36.90,50.68,6.22,0.54000,17.87440,0.17
100,-815.94,36.90,56.55,7.20,0.54000,17.87440,-1.24
100,-815.94,36.90,57.67,7.20,0.54000,17.22080,-1.24
100,-815.94,36.90,55.57,1.23,0.45000,17.87440,1.26
100,-815.94,36.90,51.43,-3.19,0.45000,17.87440,-0.55
100,-815.94,36.90,45.78,-5.82,0.45000,17.92600,0.84
100,-815.94,36.90,38.46,-7.70,0.45000,17.92600,-0.46
100,815.94,36.90,31.09,-7.70,0.36000,7.55440,-0.46
100,815.94,36.90,28.96,-7.83,0.45000,17.94320,-0.59
100,815.94,36.90,31.02,-1.01,0.36000,17.92600,0.05
100,815.94,36.90,36.21,4.52,0.36000,17.85720,0.16
100,-815.94,30.95,42.65,7.23,0.45000,17.85720,-0.06
100,-815.94,30.95,44.55,7.23,0.36000,16.42960,-0.06
100,-815.94,30.95,43.17,2.14,0.36000,17.87440,0.32
100,-815.94,30.95,39.78,-2.36,0.36000,18.83760,-0.21
100,-815.94,30.95,34.90,-4.95,0.36000,18.80320,-0.18
100,312.77,30.95,28.54,-6.70,0.36000,18.80320,0.04
100,815.94,30.95,24.88,-6.70,0.27000,12.98960,0.04
100,815.94,30.95,26.37,-3.85,0.36000,18.83760,-0.21
100,815.94,30.95,31.18,2.95,0.36000,18.85480,0.15
100,-815.94,30.95,35.74,6.07,0.36000,18.83760,0.20
100,-815.94,30.95,36.01,1.35,0.27000,18.83760,-0.02
100,815.94,92.98,34.02,1.35,0.27000,18.83760,-0.02
100,815.94,92.98,34.53,-2.13,0.27000,18.88920,0.51
100,815.94,92.98,38.48,1.87,0.36000,18.85480,-0.28
100,815.94,92.98,44.87,6.34,0.36000,18.88920,-0.33
100,815.94,92.98,54.21,9.60,0.36000,18.88920,1.97
100,815.94,92.98,66.12,9.60,0.45000,1.50000,1.97
100,815.94,92.98,78.89,12.00,0.63000,18.83760,0.25
100,-815.94,92.98,91.20,12.34,0.81000,17.97760,0.35
100,-815.94,92.98,99.27,12.24,0.81000,18.25280,-0.97
100,-815.94,92.98,101.32,4.54,0.81000,18.20120,0.21
100,-815.94,92.98,99.58,4.54,0.81000,18.20120,0.21
100,-815.94,58.99,94.74,-1.74,0.81000,18.20120,-0.98
100,-815.94,58.99,87.10,-5.87,0.81000,18.18400,-0.15
100,-815.94,58.99,77.71,-8.99,0.81000,18.18400,1.52
100,-815.94,58.99,66.27,-11.13,0.72000,18.23560,2.97
100,815.94,58.99,56.28,-11.59,0.72000,18.18400,2.49
100,815.94,58.99,52.30,-5.57,0.63000,18.18400,0.16
100,815.94,58.99,52.85,-5.57,0.54000,17.84000,0.16
100,815.94,58.99,56.60,0.72,0.63000,17.89160,-2.03
100,815.94,58.99,62.80,5.22,0.63000,17.87440,-1.62
100,-815.94,58.99,70.14,8.35,0.63000,17.82280,-0.86
100,-815.94,107.00,72.99,4.60,0.81000,17.82280,0.23
100,-815.94,107.00,71.86,4.60,0.72000,18.20120,0.23
100,815.94,107.00,69.68,-1.35,0.72000,18.20120,-0.50
100,815.94,107.00,70.70,-1.55,0.72000,18.20120,0.51
100,815.94,107.00,74.47,3.02,0.72000,18.20120,-0.22
100,815.94,107.00,80.41,3.02,0.81000,18.20120,-0.22
100,815.94,107.00,88.20,6.54,0.81000,18.18400,0.12
100,815.94,107.00,98.09,9.65,0.81000,18.23560,1.99
100,-815.94,107.00,106.93,11.03,0.72000,18.20120,1.32
100,-815.94,107.00,110.12,6.06,0.63000,18.27000,1.86
100,-815.94,107.00,108.67,6.06,0.72000,18.27000,1.86
100,-815.94,107.00,103.91,-1.08,0.72000,17.87440,0.33
100,815.94,131.01,97.77,-5.88,0.72000,18.16680,-0.00
100,815.94,131.01,95.99,-5.35,0.81000,18.21840,-2.55
100,815.94,131.01,97.28,0.14,0.81000,18.21840,0.78
100,815.94,131.01,100.97,0.14,0.81000,35.38400,0.78
100,815.94,131.01,106.62,4.20,0.72000,18.20120,0.76
100,815.94,131.01,113.83,6.96,0.63000,18.20120,-0.58
100,815.94,131.01,122.48,8.77,0.72000,17.89160,1.42
100,815.94,131.01,131.72,9.92,0.63000,17.89160,0.15
100,-815.94,131.01,139.57,9.92,0.54000,51.56920,0.15
100,-815.94,131.01,141.28,8.64,0.72000,17.90880,1.42
100,-815.94,131.01,138.57,0.26,0.54000,17.87440,0.57
100,-815.94,143.01,132.70,-5.21,0.63000,17.87440,0.78
100,815.94,143.01,126.14,-7.59,0.63000,17.87440,0.62
100,815.94,143.01,123.80,-7.59,0.63000,17.04880,0.62
100,815.94,143.01,124.62,-2.64,0.63000,17.87440,-0.52
100,815.94,143.01,127.45,1.73,0.63000,17.87440,-0.45
100,815.94,143.01,131.81,4.32,0.63000,17.87440,-0.09
100,815.94,143.01,137.17,4.32,0.63000,17.87440,-0.09
100,815.94,143.01,143.70,6.01,0.63000,17.87440,0.05
100,-815.94,143.01,150.09,7.88,0.54000,17.89160,0.05
100,-815.94,143.01,151.11,4.90,0.54000,17.87440,0.28
100,-815.94,143.01,147.91,-2.38,0.54000,17.87440,-0.62
100,815.94,149.01,141.77,-2.38,0.54000,1.50000,-0.62
100,815.94,149.01,137.78,-6.79,0.54000,17.87440,0.16
100,815.94,149.01,137.16,-3.20,0.63000,17.87440,0.44
100,815.94,149.01,138.89,1.17,0.54000,17.87440,-0.52
100,815.94,149.01,141.93,1.17,0.54000,17.87440,-0.52
100,815.94,149.01,146.53,3.56,0.54000,17.87440,-0.08
100,815.94,149.01,151.90,5.32,0.54000,17.87440,-0.38
100,-815.94,149.01,155.30,5.96,0.54000,17.99480,0.89
100,-815.94,149.01,153.52,-0.19,0.54000,17.87440,-0.86
100,815.94,149.01,148.76,-0.19,0.54000,17.87440,-0.86
100,815.94,149.01,145.00,-5.41,0.54000,17.87440,0.23
100,815.94,152.01,144.57,-3.48,0.54000,17.87440,0.17
100,815.94,152.01,146.06,0.53,0.54000,17.87440,0.59
100,815.94,152.01,149.03,2.98,0.54000,17.87440,-0.12
100,815.94,152.01,153.16,2.98,0.54000,1.50000,-0.12
100,-815.94,152.01,155.33,4.74,0.54000,17.87440,0.31
100,-815.94,152.01,152.99,0.46,0.54000,17.87440,-0.36
100,815.94,152.01,149.49,-4.12,0.54000,17.87440,-0.38
100,815.94,152.01,148.64,-4.12,0.54000,34.57560,-0.38
100,815.94,152.01,149.83,-1.20,0.54000,17.87440,0.35
100,200.00,152.01,152.53,1.95,0.54000,17.87440,-0.06
100,-815.94,152.01,154.45,3.14,0.54000,17.87440,0.40
100,815.94,152.01,152.61,3.14,0.54000,17.87440,0.40
100,-815.94,88.50,150.61,-1.52,0.54000,17.87440,0.18
100,-815.94,88.50,145.61,-2.77,0.54000,17.89160,-0.10
100,-815.94,88.50,137.26,-7.16,0.54000,17.87440,-0.01
100,-815.94,88.50,126.64,-10.61,0.63000,17.87440,-3.37
100,-815.94,88.50,114.18,-11.81,0.54000,17.87440,-4.05
100,815.94,88.50,101.63,-11.81,0.72000,1.50000,-4.05
100,815.94,88.50,92.57,-12.66,0.81000,17.82280,5.24
100,815.94,88.50,89.01,-8.02,0.81000,18.23560,1.70
100,200.00,88.50,88.68,-1.74,0.90000,18.20120,-0.63
100,200.00,88.50,88.73,-1.74,0.81000,18.20120,-0.63
100,200.00,88.50,88.76,0.08,0.81000,18.20120,0.95
100,815.94,56.75,89.92,0.07,0.90000,18.18400,-0.12
100,-815.94,56.75,93.62,2.68,0.90000,18.25280,-0.50
100,-815.94,56.75,95.12,3.18,0.81000,18.25280,-0.21
100,-815.94,56.75,92.89,3.18,0.90000,3.01360,-0.21
100,-815.94,56.75,88.10,-2.54,0.90000,18.20120,0.58
100,-815.94,56.75,80.90,-6.20,0.90000,18.14960,-0.52
100,-815.94,56.75,71.87,-9.03,0.72000,18.25280,0.67
100,-815.94,56.75,61.49,-10.81,0.72000,18.25280,0.01
100,815.94,56.75,53.58,-10.81,0.63000,58.00200,0.01
100,815.94,56.75,51.69,-8.53,0.54000,17.85720,0.83
100,815.94,56.75,53.66,-0.73,0.63000,17.84000,-2.83
100,815.94,40.87,58.58,4.28,0.54000,17.92600,-0.11
100,-815.94,40.87,64.20,6.48,0.63000,17.92600,0.72
100,-815.94,40.87,65.25,6.48,0.63000,17.80560,0.72
100,-815.94,40.87,63.34,1.17,0.63000,17.87440,0.10
100,-815.94,40.87,59.35,-2.98,0.54000,17.89160,1.17
100,-815.94,40.87,53.60,-5.77,0.54000,17.89160,-0.55
100,-815.94,40.87,46.17,-7.83,0.54000,17.89160,1.30
100,815.94,40.87,38.12,-7.83,0.54000,7.21040,1.30
100,815.94,40.87,34.15,-8.50,0.45000,17.85720,0.20
100,815.94,40.87,34.96,-2.72,0.45000,17.87440,0.68
100,815.94,40.87,39.03,3.13,0.54000,17.92600,-0.79
100,-815.94,32.93,45.19,3.13,0.45000,17.92600,-0.79
100,-815.94,32.93,48.57,6.68,0.54000,17.90880,-1.37
100,-815.94,32.93,48.19,3.16,0.54000,17.77120,0.58
100,-815.94,32.93,45.49,-1.71,0.45000,18.04640,-0.36
100,-815.94,32.93,41.10,-4.54,0.45000,18.04640,0.12
100,-815.94,32.93,35.42,-4.54,0.45000,1.50000,0.12
100,815.94,32.93,29.38,-6.36,0.45000,17.87440,0.64
100,815.94,32.93,27.06,-6.40,0.45000,17.87440,0.30
100,815.94,32.93,29.17,0.70,0.45000,17.87440,-0.46
100,-815.94,32.93,34.35,0.70,0.45000,17.87440,-0.46
100,-815.94,32.93,38.28,5.54,0.45000,17.92600,-0.21
100,-815.94,28.96,38.46,3.30,0.45000,17.87440,-0.53
100,-815.94,28.96,36.43,-1.39,0.45000,17.87440,0.54
100,-815.94,28.96,32.93,-1.39,0.36000,17.87440,0.54
100,815.94,28.96,27.92,-3.97,0.36000,17.87440,-0.13
100,815.94,28.96,26.06,-5.39,0.36000,17.87440,0.16
100,815.94,28.96,28.26,0.04,0.36000,17.87440,-0.09
100,-815.94,28.96,32.32,4.55,0.36000,17.87440,-0.39
100,-815.94,28.96,33.07,4.55,0.36000,1.74080,-0.39
100,-815.94,28.96,31.31,0.97,0.36000,17.87440,-0.02
100,-815.94,28.96,27.84,-2.69,0.36000,18.83760,-0.04
100,815.94,28.96,26.29,-3.45,0.36000,18.83760,-0.03
100,815.94,28.96,28.69,-3.45,0.36000,18.83760,-0.03
100,-815.94,26.98,31.14,2.32,0.36000,18.83760,-0.42
100,-815.94,26.98,30.26,2.03,0.36000,18.90640,0.40
100,-815.94,26.98,27.53,-2.03,0.36000,18.82040,0.05
100,815.94,26.98,25.90,-2.83,0.27000,18.82040,0.11
100,-815.94,26.98,28.11,-2.83,0.36000,4.01120,0.11
100,-815.94,26.98,28.72,2.27,0.36000,18.83760,-0.30
100,-815.94,26.98,27.05,-0.20,0.27000,18.80320,0.07
100,815.94,26.98,26.18,-2.05,0.27000,18.83760,0.10
100,-815.94,26.98,28.02,-2.05,0.27000,18.83760,0.10
100,-815.94,26.98,27.33,1.80,0.27000,18.85480,-0.54
100,815.94,26.98,26.27,-1.17,0.27000,18.83760,0.26
100,-815.94,25.98,27.72,0.40,0.27000,18.87200,-0.33
100,-815.94,25.98,26.93,-0.02,0.27000,18.87200,0.15
100,815.94,25.98,26.00,-0.02,0.27000,2.65240,0.15
100,-815.94,25.98,26.78,-0.91,0.27000,18.85480,-0.04
100,815.94,25.98,25.98,0.23,0.18000,18.85480,0.01
100,-815.94,25.98,26.41,0.11,0.27000,18.83760,-0.45
100,200.00,25.98,26.28,0.11,0.18000,18.83760,-0.45
100,815.94,25.98,25.98,-0.18,0.18000,18.83760,0.40
100,-815.94,25.98,26.30,-0.22,0.18000,18.82040,-0.21
100,200.00,25.98,26.21,-0.13,0.18000,18.83760,0.36
100,815.94,25.98,25.91,0.09,0.18000,18.83760,-0.16
100,-815.94,25.49,26.32,0.09,0.18000,5.00880,-0.16
100,815.94,25.49,25.76,0.23,0.18000,18.83760,-0.09
100,-815.94,25.49,26.00,-0.17,0.18000,18.85480,-0.07
100,-815.94,25.49,26.03,-0.33,0.18000,18.85480,0.11
100,815.94,25.49,25.56,-0.33,0.18000,18.85480,0.11
100,-815.94,25.49,25.87,-0.18,0.18000,18.83760,0.12
100,200.00,25.49,25.82,0.07,0.18000,18.83760,0.20
100,-815.94,25.49,25.67,0.33,0.18000,18.85480,-0.31
100,200.00,25.49,25.59,-0.47,0.18000,18.85480,0.09
100,-815.94,25.49,25.72,-0.47,0.18000,4.51000,0.09
100,200.00,25.49,25.43,0.08,0.18000,18.85480,-0.13
100,-815.94,25.49,25.84,0.07,0.18000,18.85480,-0.31
100,815.94,25.24,25.31,-0.33,0.18000,18.52800,0.56
100,-815.94,25.24,25.64,-0.33,0.18000,18.52800,0.56
100,200.00,25.24,25.39,0.28,0.18000,18.52800,-0.28
100,-815.94,25.24,25.33,0.01,0.18000,18.71720,-0.32
100,200.00,25.24,25.46,-0.41,0.18000,18.63120,0.30
100,815.94,25.24,25.12,0.10,0.18000,18.63120,-0.08
100,200.00,25.24,25.37,0.10,0.18000,3.94240,-0.08
100,-532.28,25.24,25.19,0.13,0.18000,18.52800,-0.06
100,200.00,25.24,25.22,-0.33,0.18000,18.52800,0.54
100,-815.94,25.24,25.54,0.36,0.18000,18.59680,-0.34
100,200.00,25.24,25.02,0.36,0.09000,18.59680,-0.34
100,200.00,25.12,25.26,-0.39,0.09000,18.52800,0.36
100,815.94,25.12,25.10,0.32,0.18000,18.51080,-0.09
100,-815.94,25.12,25.46,0.01,0.18000,18.52800,-0.15
100,200.00,25.12,25.06,-0.37,0.09000,18.52800,0.41
100,-815.94,25.12,25.36,-0.37,0.18000,4.01120,0.41
100,200.00,25.12,25.08,0.24,0.09000,18.52800,0.09
100,-815.94,25.12,25.42,-0.02,0.09000,18.59680,-0.29
100,200.00,25.12,24.95,-0.30,0.09000,18.51080,0.57
100,200.00,25.12,25.24,-0.30,0.09000,18.51080,0.57
100,-815.94,25.12,25.07,0.30,0.09000,18.51080,-0.34
100,200.00,25.12,24.94,-0.36,0.09000,18.42480,0.22
100,200.00,25.12,25.19,0.18,0.09000,18.52800,-0.30
100,815.94,90.07,27.03,1.30,0.18000,18.52800,-0.21
100,815.94,90.07,31.97,1.30,0.09000,1.50000,-0.21
100,815.94,90.07,39.45,5.74,0.09000,18.54520,-0.16
100,815.94,90.07,49.57,9.45,0.09000,18.56240,0.54
100,815.94,90.07,62.07,11.32,0.36000,18.52800,2.14
100,815.94,90.07,74.22,12.82,0.54000,18.82040,0.43
100,-815.94,90.07,85.56,12.84,0.72000,18.82040,-2.85
100,-815.94,90.07,91.04,12.84,0.90000,7.50280,-2.85
100,-815.94,90.07,91.51,5.92,0.90000,18.20120,-1.17
100,-815.94,90.07,88.69,-0.71,0.90000,18.20120,3.77
100,-815.94,122.54,83.50,-4.87,0.90000,18.20120,-0.34
100,815.94,122.54,77.52,-6.80,0.90000,18.20120,0.44
100,815.94,122.54,76.20,-6.80,0.81000,17.68520,0.44
100,815.94,122.54,78.40,-1.46,0.90000,18.20120,-1.12
100,815.94,122.54,83.12,3.48,0.90000,18.20120,-0.18
100,815.94,122.54,90.27,6.75,0.90000,18.20120,-0.10
100,815.94,122.54,99.06,9.18,0.81000,18.20120,-1.10
100,815.94,122.54,109.20,9.18,0.81000,1.50000,-1.10
100,815.94,122.54,119.95,10.57,0.63000,18.18400,-0.87
100,-815.94,122.54,131.12,12.21,0.63000,18.21840,-1.63
100,-815.94,122.54,136.62,10.13,0.72000,17.84000,-3.38
100,-815.94,138.78,136.30,1.44,0.63000,17.84000,-1.40
100,-815.94,138.78,132.30,1.44,0.72000,1.58600,-1.40
100,-815.94,138.78,125.38,-4.44,0.72000,17.87440,-0.23
100,815.94,138.78,119.04,-8.61,0.72000,17.84000,0.29
100,815.94,138.78,116.92,-4.71,0.63000,17.87440,0.14
100,815.94,138.78,117.80,0.28,0.63000,17.87440,0.87
100,815.94,138.78,120.75,0.28,0.63000,17.87440,0.87
100,815.94,138.78,125.30,3.48,0.63000,17.87440,-0.23
100,815.94,138.78,131.12,5.70,0.63000,17.92600,0.14
100,815.94,138.78,138.18,7.42,0.63000,17.89160,-0.66
100,-815.94,138.78,145.93,8.43,0.63000,17.89160,1.68
100,-815.94,81.88,149.31,8.43,0.54000,1.50000,1.68
100,-815.94,81.88,147.55,3.84,0.63000,17.87440,-0.08
100,-815.94,81.88,142.34,-3.29,0.63000,17.87440,-0.31
100,-815.94,81.88,133.94,-7.71,0.63000,17.90880,0.87
100,-815.94,81.88,123.23,-10.94,0.63000,17.90880,1.67
100,-815.94,81.88,110.76,-10.94,0.72000,1.50000,1.67
100,-815.94,81.88,98.33,-12.23,0.81000,17.89160,2.88
100,-815.94,81.88,84.87,-12.37,0.81000,18.23560,-2.76
100,815.94,81.88,73.57,-12.63,0.72000,18.14960,-5.69
100,815.94,81.88,68.82,-8.75,0.72000,18.14960,6.72
100,815.94,81.88,69.10,-1.22,0.72000,18.14960,-2.76
100,815.94,118.45,72.63,-1.22,0.63000,1.80960,-2.76
100,815.94,118.45,78.60,4.10,0.72000,17.92600,0.86
100,815.94,118.45,87.11,7.49,0.81000,18.27000,-0.83
100,815.94,118.45,97.07,10.03,0.81000,18.25280,-1.64
100,815.94,118.45,108.90,11.74,0.81000,18.20120,-0.08
100,-815.94,118.45,121.27,12.63,0.72000,18.20120,-1.33
100,-815.94,118.45,129.46,12.63,0.63000,1.50000,-1.33
100,-815.94,118.45,131.16,9.19,0.63000,17.87440,-4.67
100,-815.94,118.45,128.59,0.33,0.63000,17.87440,0.15
100,-815.94,118.45,122.94,-5.03,0.63000,17.87440,-0.81
100,-815.94,118.45,114.73,-8.57,0.63000,17.87440,0.64
100,815.94,136.73,106.44,-8.57,0.72000,1.50000,0.64
100,815.94,136.73,102.97,-8.78,0.81000,17.89160,2.23
100,815.94,136.73,103.01,-2.50,0.81000,18.20120,0.64
100,815.94,136.73,105.76,2.07,0.81000,18.20120,0.14
100,815.94,136.73,110.62,2.07,0.72000,36.58800,0.14
100,815.94,136.73,117.10,5.35,0.63000,18.23560,-0.37
100,815.94,136.73,125.03,8.24,0.72000,17.92600,-0.52
100,815.94,136.73,134.09,9.44,0.63000,17.85720,-1.05
100,815.94,136.73,143.78,10.33,0.63000,17.85720,1.15
100,-815.94,136.73,152.04,10.33,0.54000,52.72160,1.15
100,-815.94,136.73,154.20,8.67,0.54000,17.90880,-0.17
100,-815.94,80.86,151.72,0.75,0.63000,17.87440,-2.00
100,-815.94,80.86,146.09,-4.99,0.54000,17.87440,0.38
100,-815.94,80.86,137.30,-8.90,0.63000,17.87440,-0.06
100,-815.94,80.86,126.25,-8.90,0.54000,1.50000,-0.06
100,-815.94,80.86,113.59,-11.81,0.54000,17.87440,-5.18
100,-815.94,80.86,100.65,-12.11,0.81000,17.89160,-9.14
100,-815.94,80.86,86.61,-12.27,0.90000,18.14960,1.56
100,815.94,80.86,73.57,-12.84,0.72000,18.16680,9.56
100,815.94,80.86,66.68,-11.27,0.63000,17.87440,-3.88
100,815.94,80.86,65.14,-3.17,0.54000,17.87440,-1.39
100,815.94,52.93,67.61,-3.17,0.54000,17.87440,-1.39
100,815.94,52.93,72.90,2.97,0.54000,17.87440,0.78
100,-29.07,52.93,80.96,6.81,0.63000,17.87440,-0.29
100,-815.94,52.93,86.84,8.60,0.63000,17.92600,-2.31
100,-815.94,52.93,87.86,2.78,0.72000,17.92600,0.84
100,-815.94,52.93,85.57,2.78,0.72000,2.48040,0.84
100,-815.94,52.93,80.88,-2.62,0.72000,17.85720,-0.09
100,-815.94,52.93,74.00,-6.03,0.63000,17.89160,0.49
100,-815.94,52.93,65.98,-8.21,0.63000,17.90880,-0.71
100,-815.94,52.93,56.73,-9.77,0.45000,17.90880,2.21
100,-815.94,52.93,46.81,-9.77,0.54000,53.92560,2.21
100,815.94,38.96,40.26,-10.63,0.45000,17.84000,3.15
100,815.94,38.96,39.34,-5.30,0.36000,17.90880,1.71
100,815.94,38.96,42.10,1.48,0.36000,18.83760,-1.04
100,-815.94,38.96,47.62,1.48,0.36000,18.83760,-1.04
100,-815.94,38.96,52.08,5.93,0.36000,18.83760,-0.82
100,-815.94,38.96,52.60,4.24,0.36000,18.83760,-0.51
100,-815.94,38.96,50.77,-0.93,0.36000,18.85480,0.68
100,-815.94,38.96,47.33,-3.57,0.27000,18.85480,0.13
100,-815.94,38.96,42.52,-3.57,0.27000,15.24280,0.13
100,815.94,38.96,36.52,-5.42,0.27000,18.78600,-0.13
100,815.94,38.96,33.36,-6.79,0.18000,18.85480,1.22
100,815.94,31.98,34.85,-0.61,0.18000,18.83760,-0.09
100,-815.94,31.98,39.45,4.59,0.18000,18.83760,0.25
100,-815.94,31.98,42.20,4.59,0.18000,16.49840,0.25
100,-815.94,31.98,41.51,3.12,0.18000,18.82040,0.07
100,-815.94,31.98,38.95,-1.55,0.18000,18.83760,0.33
100,-815.94,31.98,35.09,-3.86,0.09000,18.52800,0.19
100,815.94,31.98,30.72,-3.86,0.09000,18.52800,0.19
100,815.94,31.98,29.43,-5.36,0.09000,18.52800,-0.02
100,815.94,31.98,32.33,-0.54,0.09000,18.52800,-0.70
100,-815.94,31.98,35.56,4.27,0.09000,18.56240,-0.17
100,-815.94,31.98,35.23,0.81,0.09000,18.56240,0.36
100,-815.94,31.98,32.96,0.81,0.00000,2.87600,0.36
100,815.94,28.48,29.82,-2.62,0.00000,18.52800,0.25
100,815.94,28.48,30.26,-2.70,0.00000,18.52800,0.02
100,-815.94,28.48,31.82,2.02,0.00000,18.51080,-0.06
100,-815.94,28.48,30.61,2.02,0.00000,18.51080,-0.06
100,815.94,28.48,28.70,-1.05,0.00000,18.52800,0.21
100,-815.94,28.48,30.23,-1.47,0.00000,18.54520,-0.11
100,-815.94,28.48,29.70,1.20,0.00000,18.52800,0.08
100,815.94,28.48,28.39,-1.70,-0.09000,18.52800,0.25
100,-815.94,28.48,29.33,-1.70,-0.09000,4.06280,0.25
100,-633.29,28.48,28.74,0.87,-0.09000,18.52800,-0.39
100,-815.94,28.48,29.00,-0.80,-0.09000,18.49360,0.44
100,815.94,91.75,28.55,0.10,-0.09000,18.51080,-0.17
100,815.94,91.75,30.73,0.10,-0.09000,18.51080,-0.17
100,815.94,91.75,36.22,2.02,-0.09000,18.52800,-0.48
100,815.94,91.75,44.81,6.66,-0.09000,18.52800,1.07
100,815.94,91.75,55.45,10.15,-0.09000,18.52800,-1.50
100,815.94,91.75,68.12,11.81,0.00000,18.52800,-4.21
100,815.94,91.75,80.79,12.31,0.27000,18.59680,-7.44
100,-815.94,91.75,92.44,13.03,0.63000,18.59680,4.95
100,-815.94,91.75,97.35,13.03,0.81000,1.50000,4.95
100,-815.94,91.75,97.29,5.48,0.99000,18.20120,1.64
100,-815.94,91.75,94.06,-1.27,0.90000,18.52800,3.68
100,-815.94,123.38,88.52,-5.30,0.90000,18.20120,0.47
100,815.94,123.38,82.22,-7.16,0.81000,18.20120,-0.41
100,815.94,123.38,80.71,-7.16,0.81000,16.63600,-0.41
100,815.94,123.38,82.43,-1.95,0.81000,18.20120,0.04
100,815.94,123.38,86.79,2.96,0.81000,18.21840,0.09
100,815.94,123.38,93.31,6.47,0.81000,18.14960,0.09
100,815.94,123.38,101.82,9.10,0.90000,18.14960,-0.48
100,815.94,123.38,112.08,9.10,0.81000,2.34280,-0.48
100,815.94,123.38,123.87,10.76,0.81000,18.16680,0.40
100,-815.94,123.38,133.98,11.88,0.72000,18.21840,-1.30
100,-815.94,123.38,137.66,8.44,0.63000,18.20120,-0.41
100,-815.94,74.19,136.18,0.18,0.72000,18.20120,-0.05
100,-815.94,74.19,131.41,0.18,0.72000,36.43320,-0.05
100,-815.94,74.19,124.09,-5.20,0.72000,18.23560,0.71
100,-815.94,74.19,114.40,-9.43,0.81000,18.14960,-0.83
100,-815.94,74.19,102.37,-10.99,0.81000,18.23560,4.05
100,-815.94,74.19,90.08,-12.75,0.81000,18.16680,4.47
100,-815.94,74.19,77.56,-12.52,0.72000,18.16680,0.41
100,815.94,74.19,65.19,-12.52,0.63000,1.50000,0.41
100,815.94,74.19,59.09,-12.50,0.54000,17.85720,-5.21
100,815.94,74.19,58.36,-4.92,0.54000,17.87440,1.22
100,815.94,49.59,61.31,1.71,0.54000,17.94320,-1.88
100,815.94,49.59,66.85,1.71,0.54000,17.94320,-1.88
100,-694.46,49.59,74.79,6.03,0.54000,17.87440,0.37
100,-815.94,49.59,80.98,9.36,0.63000,17.87440,-0.09
100,-815.94,49.59,82.37,4.48,0.63000,17.87440,0.55
100,-815.94,49.59,81.10,-0.75,0.63000,17.87440,0.86
100,-815.94,49.59,79.02,-0.75,0.63000,1.60320,0.86
100,-815.94,49.59,77.25,-2.38,0.63000,17.85720,-0.11
100,-815.94,49.59,77.25,-1.32,0.54000,17.87440,-0.44
100,-815.94,49.59,77.28,0.02,-4.59000,17.58200,-0.00
100,-815.94,49.59,77.28,0.02,-4.59000,17.58200,-0.00
100,-815.94,49.59,77.28,0.00,-4.59000,17.87440,0.12
100,-815.94,102.30,77.28,0.00,-4.59000,17.87440,-0.08
100,-815.94,102.30,77.28,0.00,-4.59000,17.87440,0.09
100,-815.94,102.30,77.28,0.00,-4.59000,17.87440,0.11
100,-815.94,102.30,77.28,0.00,-4.59000,17.87440,0.11
100,-815.94,102.30,77.28,0.00,-4.59000,17.87440,0.12
100,-815.94,102.30,77.28,0.00,-4.59000,17.87440,-0.04
100,-815.94,102.30,77.28,0.00,-4.59000,17.87440,-0.10
100,-815.94,102.30,77.28,0.00,-4.59000,17.87440,-0.10
100,-815.94,102.30,77.28,0.00,-4.59000,17.87440,-0.01
100,-815.94,102.30,77.28,0.00,-4.59000,17.87440,0.01
100,-815.94,102.30,77.28,0.00,-4.59000,17.87440,0.01
100,815.94,128.66,77.28,0.00,-4.59000,17.87440,-0.04
100,815.94,128.66,77.28,0.00,-4.59000,17.87440,-0.04
100,815.94,128.66,77.28,0.00,-4.59000,17.87440,-0.00
100,815.94,128.66,77.28,0.00,-4.59000,17.87440,0.06
100,815.94,128.66,77.28,0.00,-4.59000,17.87440,0.05
100,815.94,128.66,77.28,0.00,-4.59000,17.87440,0.05
100,815.94,128.66,77.28,0.00,-4.59000,17.87440,-0.05
100,815.94,128.66,77.28,0.00,-4.59000,17.87440,-0.02
100,815.94,128.66,77.28,0.00,-4.59000,17.87440,0.02
100,815.94,128.66,77.28,0.00,-4.59000,17.87440,0.00
100,815.94,128.66,77.28,0.00,-4.59000,17.87440,0.00
100,815.94,76.82,77.28,0.00,-4.59000,17.87440,-0.02
100,200.00,76.82,77.28,0.00,-4.59000,17.87440,-0.00
100,200.00,76.82,77.28,0.00,-4.59000,17.87440,0.00
100,200.00,76.82,77.28,0.00,-4.59000,17.87440,0.00
100,815.94,76.82,77.28,0.00,-4.59000,17.87440,0.02
100,200.00,76.82,77.28,0.00,-4.59000,17.87440,-0.02
100,200.00,76.82,77.28,0.00,-4.59000,17.87440,0.03
100,815.94,76.82,77.28,0.00,-4.59000,17.87440,0.01
100,200.00,76.82,77.28,0.00,-4.59000,17.87440,0.01
100,200.00,76.82,77.28,0.00,-4.59000,17.87440,0.03
100,200.00,76.82,77.28,0.00,-4.59000,17.87440,-0.01
100,815.94,76.82,77.28,0.00,-4.59000,17.87440,0.01
100,815.94,115.92,77.28,0.00,-4.59000,17.87440,0.01
100,815.94,115.92,77.28,0.00,-4.59000,17.87440,-0.01
100,815.94,115.92,77.28,0.00,-4.59000,17.87440,0.00
100,815.94,115.92,77.28,0.00,-4.59000,17.87440,-0.02
100,815.94,115.92,77.28,0.00,-4.59000,17.87440,-0.01
100,815.94,115.92,77.28,0.00,-4.59000,17.87440,-0.01
100,815.94,115.92,77.28,0.00,-4.59000,17.87440,-0.01
100,815.94,115.92,77.28,0.00,-4.59000,17.87440,-0.03
100,815.94,115.92,77.28,0.00,-4.59000,17.87440,-0.03
100,815.94,115.92,77.28,0.00,-4.59000,17.87440,-0.03
100,815.94,115.92,77.28,0.00,-4.59000,17.87440,0.01
100,815.94,135.47,77.28,0.00,-4.59000,17.87440,-0.03
100,815.94,135.47,77.28,0.00,-4.59000,17.87440,0.02
100,815.94,135.47,77.28,0.00,-4.59000,17.87440,-0.02
100,815.94,135.47,77.28,0.00,-4.59000,4.49280,-0.02
100,815.94,135.47,77.28,0.00,-4.59000,17.87440,-0.01
100,815.94,135.47,77.28,0.00,-4.59000,17.87440,0.00
100,815.94,135.47,77.28,0.00,-4.59000,17.87440,0.00
100,815.94,135.47,77.28,0.00,-4.59000,17.87440,0.00
100,815.94,135.47,77.28,0.00,-4.59000,17.87440,0.00
100,815.94,135.47,77.28,0.00,-4.59000,17.87440,0.00
100,815.94,135.47,77.28,0.00,-4.59000,17.73680,0.01
100,815.94,135.47,77.28,0.00,-4.59000,17.73680,0.02
100,815.94,145.24,77.28,0.00,-4.59000,17.87440,0.02
100,815.94,145.24,77.28,0.00,-4.59000,17.87440,-0.00
100,815.94,145.24,77.28,0.00,-4.59000,17.87440,0.01
100,815.94,145.24,77.28,0.00,-4.59000,17.87440,0.00
100,815.94,145.24,77.28,0.00,-4.59000,17.87440,0.00
100,815.94,145.24,77.28,0.00,-4.59000,17.87440,0.03
100,815.94,145.24,77.28,0.00,-4.59000,17.87440,0.02
100,815.94,145.24,77.28,0.00,-4.59000,17.87440,-0.01
100,815.94,145.24,77.28,0.00,-4.59000,17.87440,-0.02
100,815.94,145.24,77.28,0.00,-4.59000,17.87440,-0.02
100,815.94,145.24,77.28,0.00,-4.59000,17.87440,0.02
100,815.94,150.13,77.28,0.00,-4.59000,17.75400,0.01
100,815.94,150.13,77.28,0.00,-4.59000,17.87440,-0.01
100,815.94,150.13,77.28,0.00,-4.59000,17.87440,-0.01
100,815.94,150.13,77.28,0.00,-4.59000,17.87440,-0.00
100,815.94,150.13,77.28,0.00,-4.59000,17.87440,0.03
100,815.94,150.13,77.28,0.00,-4.59000,17.73680,-0.02
100,815.94,150.13,77.28,0.00,-4.59000,17.73680,-0.00
100,815.94,150.13,77.28,0.00,-4.59000,17.87440,-0.00
100,815.94,150.13,77.28,0.00,-4.59000,17.87440,0.00
100,815.94,150.13,77.28,0.00,-4.59000,17.87440,0.02
100,815.94,150.13,77.28,0.00,-4.59000,17.87440,0.00
100,815.94,152.57,77.28,0.00,-4.59000,17.87440,0.00
100,815.94,152.57,77.28,0.00,-4.59000,17.87440,0.01
100,815.94,152.57,77.28,0.00,-4.59000,17.87440,0.01
100,815.94,152.57,77.28,0.00,-4.59000,17.87440,-0.01
100,815.94,152.57,77.28,0.00,-4.59000,17.87440,-0.01
100,815.94,152.57,77.28,0.00,-4.59000,4.51000,-0.01
100,815.94,152.57,77.28,0.00,-4.59000,17.87440,0.02
100,815.94,152.57,77.28,0.00,-4.59000,17.87440,0.02
100,815.94,152.57,77.28,0.00,-4.59000,17.87440,0.01
100,815.94,152.57,77.28,0.00,-4.59000,17.87440,0.01
100,815.94,152.57,77.28,0.00,-4.59000,17.87440,-0.01
100,815.94,152.57,77.28,0.00,-4.59000,17.87440,0.01
100,815.94,153.79,77.28,0.00,-4.59000,17.87440,-0.00
100,815.94,153.79,77.28,0.00,-4.59000,17.87440,0.00
100,815.94,153.79,77.28,0.00,-4.59000,17.87440,0.00
100,815.94,153.79,77.28,0.00,-4.59000,17.87440,0.01
100,815.94,153.79,77.28,0.00,-4.59000,17.87440,0.02
100,815.94,153.79,77.28,0.00,-4.59000,17.87440,0.01
100,815.94,153.79,77.28,0.00,-4.59000,17.87440,0.01
100,815.94,153.79,77.28,0.00,-4.59000,17.87440,0.01
100,815.94,153.79,77.28,0.00,-4.59000,17.87440,0.00
100,815.94,153.79,77.28,0.00,-4.59000,17.87440,0.02
100,815.94,153.79,77.28,0.00,-4.59000,17.87440,0.00
100,815.94,154.40,77.28,0.00,-4.59000,17.87440,0.00
100,815.94,154.40,77.28,0.00,-4.59000,17.87440,-0.02
100,815.94,154.40,77.28,0.00,-4.59000,17.87440,0.01
100,815.94,154.40,77.28,0.00,-4.59000,17.87440,0.02
100,815.94,154.40,77.28,0.00,-4.59000,17.87440,0.02
100,815.94,154.40,77.28,0.00,-4.59000,17.87440,-0.01
100,815.94,154.40,77.28,0.00,-4.59000,17.87440,0.01
100,815.94,154.40,77.28,0.00,-4.59000,17.87440,0.00
100,815.94,154.40,77.28,0.00,-4.59000,17.87440,-0.01
100,815.94,154.40,77.28,0.00,-4.59000,17.87440,-0.01
100,815.94,154.40,77.28,0.00,-4.59000,17.87440,-0.01
100,815.94,154.40,77.28,0.00,-4.59000,17.75400,-0.01
100,815.94,89.70,77.28,0.00,-4.59000,17.87440,0.01
100,815.94,89.70,77.28,0.00,-4.59000,17.87440,0.01
100,815.94,89.70,77.28,0.00,-4.59000,17.87440,-0.03
100,815.94,89.70,77.28,0.00,-4.59000,17.87440,0.01
100,815.94,89.70,77.28,0.00,-4.59000,17.87440,0.00
100,815.94,89.70,77.28,0.00,-4.59000,17.87440,0.01
100,815.94,89.70,77.28,0.00,-4.59000,17.87440,0.01
100,815.94,89.70,77.28,0.00,-4.59000,17.87440,0.00
100,815.94,89.70,77.28,0.00,-4.59000,17.87440,-0.02
100,815.94,89.70,77.28,0.00,-4.59000,17.87440,-0.02
100,815.94,89.70,77.28,0.00,-4.59000,17.87440,-0.02
100,815.94,57.35,77.28,0.00,-4.59000,17.87440,-0.03
100,815.94,57.35,77.28,0.00,-4.59000,17.87440,-0.01
100,815.94,57.35,77.28,0.00,-4.59000,17.87440,0.01
100,815.94,57.35,77.28,0.00,-4.59000,17.87440,-0.01
100,815.94,57.35,77.28,0.00,-4.59000,4.32080,-0.01
100,815.94,57.35,77.28,0.00,-4.59000,17.87440,-0.02
100,815.94,57.35,77.28,0.00,-4.59000,17.87440,0.02
100,815.94,57.35,77.28,0.00,-4.59000,17.87440,-0.02
100,815.94,57.35,77.28,0.00,-4.59000,17.87440,-0.02
100,815.94,57.35,77.28,0.00,-4.59000,17.87440,0.01
100,815.94,57.35,77.28,0.00,-4.59000,17.87440,-0.02
100,815.94,41.17,77.28,0.00,-4.59000,17.73680,-0.03
100,815.94,41.17,77.28,0.00,-4.59000,17.73680,-0.02
100,815.94,41.17,77.28,0.00,-4.59000,17.87440,-0.02
100,815.94,41.17,77.28,0.00,-4.59000,17.87440,-0.01
100,815.94,41.17,77.28,0.00,-4.59000,17.87440,-0.00
100,815.94,41.17,77.28,0.00,-4.59000,17.87440,-0.01
100,815.94,41.17,77.28,0.00,-4.59000,17.87440,-0.01
100,815.94,41.17,77.28,0.00,-4.59000,17.87440,-0.01
100,815.94,41.17,77.28,0.00,-4.59000,17.87440,-0.00
100,815.94,41.17,77.28,0.00,-4.59000,17.87440,0.02
100,815.94,41.17,77.28,0.00,-4.59000,17.87440,0.01
100,815.94,41.17,77.28,0.00,-4.59000,17.87440,0.01
100,815.94,33.08,77.28,0.00,-4.59000,17.87440,0.00
100,815.94,33.08,77.28,0.00,-4.59000,17.87440,-0.00
100,815.94,33.08,77.28,0.00,-4.59000,17.87440,0.02
100,815.94,33.08,77.28,0.00,-4.59000,17.87440,0.02
100,815.94,33.08,77.28,0.00,-4.59000,17.87440,-0.03
100,815.94,33.08,77.28,0.00,-4.59000,17.87440,0.01
100,815.94,33.08,77.28,0.00,-4.59000,17.87440,0.01
100,815.94,33.08,77.28,0.00,-4.59000,17.87440,0.00
100,815.94,33.08,77.28,0.00,-4.59000,17.87440,0.00
100,815.94,33.08,77.28,0.00,-4.59000,17.87440,-0.00
100,815.94,33.08,77.28,0.00,-4.59000,17.75400,-0.00
100,815.94,94.05,77.28,0.00,-4.59000,17.87440,-0.01
100,815.94,94.05,77.28,0.00,-4.59000,17.87440,-0.01
100,815.94,94.05,77.28,0.00,-4.59000,17.87440,0.01
100,815.94,94.05,77.28,0.00,-4.59000,17.87440,0.01
100,815.94,94.05,77.28,0.00,-4.59000,17.87440,0.02
100,815.94,94.05,77.28,0.00,-4.59000,17.87440,-0.00
100,815.94,94.05,77.28,0.00,-4.59000,4.32080,-0.00
100,815.94,94.05,77.28,0.00,-4.59000,17.87440,0.02
100,815.94,94.05,77.28,0.00,-4.59000,17.87440,-0.01
100,815.94,94.05,77.28,0.00,-4.59000,17.87440,0.02
100,815.94,94.05,77.28,0.00,-4.59000,17.87440,0.02
100,815.94,94.05,77.28,0.00,-4.59000,17.87440,0.03
100,815.94,59.52,77.28,0.00,-4.59000,17.87440,0.00
100,815.94,59.52,77.28,0.00,-4.59000,17.87440,-0.02
100,815.94,59.52,77.28,0.00,-4.59000,17.87440,-0.00
100,815.94,59.52,77.28,0.00,-4.59000,4.49280,-0.00
100,815.94,59.52,77.28,0.00,-4.59000,17.87440,0.01
100,815.94,59.52,77.28,0.00,-4.59000,17.87440,0.03
100,815.94,59.52,77.28,0.00,-4.59000,17.87440,0.01
100,815.94,59.52,77.28,0.00,-4.59000,17.87440,0.01
100,815.94,59.52,77.28,0.00,-4.59000,17.87440,0.02
100,815.94,59.52,77.28,0.00,-4.59000,17.87440,0.01
100,815.94,59.52,77.28,0.00,-4.59000,17.87440,0.02
100,815.94,107.27,77.28,0.00,-4.59000,17.87440,0.02
100,815.94,107.27,77.28,0.00,-4.59000,17.87440,0.02
100,815.94,107.27,77.28,0.00,-4.59000,17.87440,0.01
100,815.94,107.27,77.28,0.00,-4.59000,17.87440,0.01
100,815.94,107.27,77.28,0.00,-4.59000,17.87440,0.02
100,815.94,107.27,77.28,0.00,-4.59000,17.87440,0.02
100,815.94,107.27,77.28,0.00,-4.59000,17.87440,0.01
100,815.94,107.27,77.28,0.00,-4.59000,17.87440,-0.01
100,815.94,107.27,77.28,0.00,-4.59000,17.87440,-0.01
100,815.94,107.27,77.28,0.00,-4.59000,17.87440,-0.03
100,815.94,107.27,77.28,0.00,-4.59000,17.87440,-0.03
100,815.94,66.13,77.28,0.00,-4.59000,17.87440,-0.00
100,815.94,66.13,77.28,0.00,-4.59000,17.87440,0.02
100,815.94,66.13,77.28,0.00,-4.59000,17.87440,-0.03
100,815.94,66.13,77.28,0.00,-4.59000,17.87440,-0.03
100,815.94,66.13,77.28,0.00,-4.59000,17.87440,-0.01
100,815.94,66.13,77.28,0.00,-4.59000,17.87440,-0.01
100,815.94,66.13,77.28,0.00,-4.59000,17.87440,0.01
100,815.94,66.13,77.28,0.00,-4.59000,17.87440,0.01
100,815.94,66.13,77.28,0.00,-4.59000,17.87440,0.01
100,815.94,66.13,77.28,0.00,-4.59000,17.87440,0.01
100,815.94,66.13,77.28,0.00,-4.59000,17.87440,-0.01
100,815.94,66.13,77.28,0.00,-4.59000,17.87440,-0.00
100,815.94,110.57,77.28,0.00,-4.59000,17.87440,-0.00
100,815.94,110.57,77.28,0.00,-4.59000,17.87440,0.03
100,815.94,110.57,77.28,0.00,-4.59000,17.87440,-0.02
100,815.94,110.57,77.28,0.00,-4.59000,17.87440,-0.03
100,815.94,110.57,77.28,0.00,-4.59000,17.87440,0.02
100,815.94,110.57,77.28,0.00,-4.59000,17.87440,0.02
100,815.94,110.57,77.28,0.00,-4.59000,17.87440,0.01
100,815.94,110.57,77.28,0.00,-4.59000,17.87440,0.00
100,815.94,110.57,77.28,0.00,-4.59000,17.87440,-0.02
100,815.94,110.57,77.28,0.00,-4.59000,17.87440,-0.02
100,815.94,110.57,77.28,0.00,-4.59000,17.87440,-0.01
100,815.94,67.78,77.28,0.00,-4.59000,17.87440,-0.02
100,815.94,67.78,77.28,0.00,-4.59000,17.87440,0.01
100,815.94,67.78,77.28,0.00,-4.59000,17.87440,0.02
100,815.94,67.78,77.28,0.00,-4.59000,17.87440,0.02
100,815.94,67.78,77.28,0.00,-4.59000,17.87440,-0.01
100,815.94,67.78,77.28,0.00,-4.59000,17.87440,-0.03
100,815.94,67.78,77.28,0.00,-4.59000,17.87440,-0.02
100,815.94,67.78,77.28,0.00,-4.59000,17.87440,-0.02
100,815.94,67.78,77.28,0.00,-4.59000,17.87440,-0.03
100,815.94,67.78,77.28,0.00,-4.59000,17.87440,-0.01
100,815.94,67.78,77.28,0.00,-4.59000,17.73680,-0.01
100,815.94,67.78,77.28,0.00,-4.59000,17.73680,-0.03
100,815.94,46.39,77.28,0.00,-4.59000,4.51000,-0.03
100,815.94,46.39,77.28,0.00,-4.59000,17.87440,-0.01
100,815.94,46.39,77.28,0.00,-4.59000,17.87440,-0.04
100,815.94,46.39,77.28,0.00,-4.59000,17.87440,-0.01
100,815.94,46.39,77.28,0.00,-4.59000,17.87440,-0.01
100,815.94,46.39,77.28,0.00,-4.59000,17.87440,-0.01
100,815.94,46.39,77.28,0.00,-4.59000,17.87440,-0.02
100,815.94,46.39,77.28,0.00,-4.59000,17.87440,-0.02
100,815.94,46.39,77.28,0.00,-4.59000,17.87440,-0.01
100,815.94,46.39,77.28,0.00,-4.59000,17.87440,-0.01
100,815.94,46.39,77.28,0.00,-4.59000,17.87440,-0.02
100,815.94,100.70,77.28,0.00,-4.59000,17.87440,0.01
100,815.94,100.70,77.28,0.00,-4.59000,17.87440,-0.02
100,815.94,100.70,77.28,0.00,-4.59000,17.87440,-0.02
100,815.94,100.70,77.28,0.00,-4.59000,17.87440,-0.02
100,815.94,100.70,77.28,0.00,-4.59000,17.87440,0.00
100,815.94,100.70,77.28,0.00,-4.59000,17.73680,0.01
100,815.94,100.70,77.28,0.00,-4.59000,17.73680,-0.00
100,815.94,100.70,77.28,0.00,-4.59000,4.51000,-0.00
100,815.94,100.70,77.28,0.00,-4.59000,17.87440,0.00
100,815.94,100.70,77.28,0.00,-4.59000,17.87440,0.02
100,815.94,100.70,77.28,0.00,-4.59000,17.87440,0.01
100,815.94,127.86,77.28,0.00,-4.59000,17.87440,0.01
100,815.94,127.86,77.28,0.00,-4.59000,17.87440,-0.01
100,815.94,127.86,77.28,0.00,-4.59000,17.87440,-0.00
100,815.94,127.86,77.28,0.00,-4.59000,17.75400,0.00
100,815.94,127.86,77.28,0.00,-4.59000,17.75400,0.00
100,815.94,127.86,77.28,0.00,-4.59000,17.87440,0.00
100,815.94,127.86,77.28,0.00,-4.59000,17.87440,-0.03
100,815.94,127.86,77.28,0.00,-4.59000,17.87440,0.01
100,815.94,127.86,77.28,0.00,-4.59000,17.87440,0.00
100,815.94,127.86,77.28,0.00,-4.59000,17.87440,0.00
100,815.94,127.86,77.28,0.00,-4.59000,17.87440,-0.02
100,815.94,127.86,77.28,0.00,-4.59000,17.87440,0.00
100,815.94,76.42,77.28,0.00,-4.59000,17.87440,0.00
100,815.94,76.42,77.28,0.00,-4.59000,17.87440,-0.00
100,815.94,76.42,77.28,0.00,-4.59000,4.49280,-0.00
100,815.94,76.42,77.28,0.00,-4.59000,17.87440,0.01
100,815.94,76.42,77.28,0.00,-4.59000,17.87440,0.01
100,815.94,76.42,77.28,0.00,-4.59000,17.87440,0.03
100,815.94,76.42,77.28,0.00,-4.59000,17.87440,0.03
100,815.94,76.42,77.28,0.00,-4.59000,17.87440,-0.02
100,815.94,76.42,77.28,0.00,-4.59000,17.87440,-0.03
100,815.94,76.42,77.28,0.00,-4.59000,17.87440,0.02
100,815.94,76.42,77.28,0.00,-4.59000,17.87440,0.00
100,815.94,115.72,77.28,0.00,-4.59000,17.87440,0.00
100,815.94,115.72,77.28,0.00,-4.59000,17.87440,-0.02
100,815.94,115.72,77.28,0.00,-4.59000,17.87440,-0.01
100,815.94,115.72,77.28,0.00,-4.59000,17.75400,0.01
100,815.94,115.72,77.28,0.00,-4.59000,17.75400,0.01
100,815.94,115.72,77.28,0.00,-4.59000,17.87440,-0.00
100,815.94,115.72,77.28,0.00,-4.59000,17.87440,0.00
100,815.94,115.72,77.28,0.00,-4.59000,17.73680,-0.01
100,815.94,115.72,77.28,0.00,-4.59000,17.73680,0.01
100,815.94,115.72,77.28,0.00,-4.59000,17.87440,0.01
100,815.94,115.72,77.28,0.00,-4.59000,17.87440,0.03
100,815.94,115.72,77.28,0.00,-4.59000,17.73680,-0.00
100,815.94,70.35,77.28,0.00,-4.59000,17.87440,-0.01
100,815.94,70.35,77.28,0.00,-4.59000,17.87440,-0.01
100,815.94,70.35,77.28,0.00,-4.59000,17.87440,-0.00
100,815.94,70.35,77.28,0.00,-4.59000,17.87440,-0.01
100,815.94,70.35,77.28,0.00,-4.59000,17.87440,0.00
100,815.94,70.35,77.28,0.00,-4.59000,17.87440,0.00
100,815.94,70.35,77.28,0.00,-4.59000,17.87440,0.00
100,815.94,70.35,77.28,0.00,-4.59000,17.87440,-0.01
100,815.94,70.35,77.28,0.00,-4.59000,17.87440,0.01
100,815.94,70.35,77.28,0.00,-4.59000,17.87440,-0.03
100,815.94,70.35,77.28,0.00,-4.59000,17.87440,-0.03
100,815.94,47.67,77.28,0.00,-4.59000,17.87440,-0.01
100,815.94,47.67,77.28,0.00,-4.59000,17.87440,0.01
100,815.94,47.67,77.28,0.00,-4.59000,17.73680,-0.01
100,815.94,47.67,77.28,0.00,-4.59000,17.73680,0.01
100,815.94,47.67,77.28,0.00,-4.59000,17.87440,0.01
100,815.94,47.67,77.28,0.00,-4.59000,17.87440,-0.01
100,815.94,47.67,77.28,0.00,-4.59000,17.87440,0.00
100,815.94,47.67,77.28,0.00,-4.59000,17.75400,-0.02
100,815.94,47.67,77.28,0.00,-4.59000,17.75400,-0.02
100,815.94,47.67,77.28,0.00,-4.59000,17.87440,-0.01
100,815.94,47.67,77.28,0.00,-4.59000,17.87440,0.02
100,815.94,36.33,77.28,0.00,-4.59000,17.87440,0.00
100,815.94,36.33,77.28,0.00,-4.59000,17.87440,-0.02
100,815.94,36.33,77.28,0.00,-4.59000,17.87440,-0.02
100,815.94,36.33,77.28,0.00,-4.59000,17.87440,-0.03
100,815.94,36.33,77.28,0.00,-4.59000,17.87440,-0.00
100,815.94,36.33,77.28,0.00,-4.59000,17.87440,-0.02
100,815.94,36.33,77.28,0.00,-4.59000,17.87440,-0.02
100,815.94,36.33,77.28,0.00,-4.59000,17.87440,0.02
100,815.94,36.33,77.28,0.00,-4.59000,17.87440,-0.04
100,815.94,36.33,77.28,0.00,-4.59000,17.87440,-0.01
100,815.94,36.33,77.28,0.00,-4.59000,17.87440,-0.00
100,815.94,36.33,77.28,0.00,-4.59000,17.87440,-0.00
100,815.94,95.67,77.28,0.00,-4.59000,17.87440,0.01
100,815.94,95.67,77.28,0.00,-4.59000,17.75400,-0.02
100,815.94,95.67,77.28,0.00,-4.59000,17.87440,0.00
100,815.94,95.67,77.28,0.00,-4.59000,17.87440,0.00
100,815.94,95.67,77.28,0.00,-4.59000,17.87440,-0.01
100,815.94,95.67,77.28,0.00,-4.59000,17.87440,0.03
100,815.94,95.67,77.28,0.00,-4.59000,17.87440,0.01
100,815.94,95.67,77.28,0.00,-4.59000,17.87440,-0.02
100,815.94,95.67,77.28,0.00,-4.59000,4.33800,-0.02
100,815.94,95.67,77.28,0.00,-4.59000,17.87440,0.01
100,815.94,95.67,77.28,0.00,-4.59000,17.87440,0.00
100,815.94,60.33,77.28,0.00,-4.59000,17.87440,0.00
100,815.94,60.33,77.28,0.00,-4.59000,17.87440,0.00
100,815.94,60.33,77.28,0.00,-4.59000,17.87440,-0.02
100,815.94,60.33,77.28,0.00,-4.59000,17.87440,0.02
100,815.94,60.33,77.28,0.00,-4.59000,17.87440,-0.02
100,815.94,60.33,77.28,0.00,-4.59000,17.87440,-0.01
100,815.94,60.33,77.28,0.00,-4.59000,17.87440,-0.01
100,815.94,60.33,77.28,0.00,-4.59000,17.87440,0.01
100,815.94,60.33,77.28,0.00,-4.59000,17.87440,0.00
100,815.94,60.33,77.28,0.00,-4.59000,17.87440,0.00
100,815.94,60.33,77.28,0.00,-4.59000,17.87440,0.00
100,815.94,60.33,77.28,0.00,-4.59000,17.87440,0.01
100,815.94,42.66,77.28,0.00,-4.59000,17.87440,-0.02
100,815.94,42.66,77.28,0.00,-4.59000,17.87440,0.01
100,815.94,42.66,77.28,0.00,-4.59000,17.87440,0.01
100,815.94,42.66,77.28,0.00,-4.59000,17.87440,0.01
100,815.94,42.66,77.28,0.00,-4.59000,17.87440,0.01
100,815.94,42.66,77.28,0.00,-4.59000,17.87440,0.01
100,815.94,42.66,77.28,0.00,-4.59000,17.87440,-0.02
100,815.94,42.66,77.28,0.00,-4.59000,17.87440,-0.02
100,815.94,42.66,77.28,0.00,-4.59000,17.87440,-0.04
100,815.94,42.66,77.28,0.00,-4.59000,17.87440,0.00
100,815.94,42.66,77.28,0.00,-4.59000,17.87440,0.02
100,815.94,98.84,77.28,0.00,-4.59000,17.87440,0.02
100,815.94,98.84,77.28,0.00,-4.59000,17.87440,0.02
100,815.94,98.84,77.28,0.00,-4.59000,17.87440,0.00
100,815.94,98.84,77.28,0.00,-4.59000,17.87440,0.00
100,815.94,98.84,77.28,0.00,-4.59000,17.87440,0.02
100,815.94,98.84,77.28,0.00,-4.59000,17.87440,0.02
100,815.94,98.84,77.28,0.00,-4.59000,17.87440,0.01
100,815.94,98.84,77.28,0.00,-4.59000,17.87440,0.01
100,815.94,98.84,77.28,0.00,-4.59000,17.87440,-0.02
100,815.94,98.84,77.28,0.00,-4.59000,17.87440,0.02
100,815.94,98.84,77.28,0.00,-4.59000,17.87440,0.02
100,815.94,126.93,77.28,0.00,-4.59000,17.87440,0.01
100,815.94,126.93,77.28,0.00,-4.59000,17.87440,0.01
100,815.94,126.93,77.28,0.00,-4.59000,17.87440,-0.00
100,815.94,126.93,77.28,0.00,-4.59000,17.87440,-0.00
100,815.94,126.93,77.28,0.00,-4.59000,17.87440,-0.00
100,815.94,126.93,77.28,0.00,-4.59000,17.87440,0.01
100,815.94,126.93,77.28,0.00,-4.59000,17.87440,-0.02
100,815.94,126.93,77.28,0.00,-4.59000,17.87440,0.02
100,815.94,126.93,77.28,0.00,-4.59000,17.87440,0.02
100,815.94,126.93,77.28,0.00,-4.59000,17.87440,0.01
100,815.94,126.93,77.28,0.00,-4.59000,17.75400,-0.01
100,815.94,126.93,77.28,0.00,-4.59000,17.87440,0.02
100,815.94,140.97,77.28,0.00,-4.59000,17.87440,0.02
100,815.94,140.97,77.28,0.00,-4.59000,17.87440,0.00
100,815.94,140.97,77.28,0.00,-4.59000,17.87440,0.01
100,815.94,140.97,77.28,0.00,-4.59000,17.87440,0.01
100,815.94,140.97,77.28,0.00,-4.59000,17.87440,-0.00
100,815.94,140.97,77.28,0.00,-4.59000,17.87440,-0.00
100,815.94,140.97,77.28,0.00,-4.59000,17.87440,0.01
100,815.94,140.97,77.28,0.00,-4.59000,17.75400,-0.00
100,815.94,140.97,77.28,0.00,-4.59000,17.73680,-0.02
100,815.94,140.97,77.28,0.00,-4.59000,17.73680,-0.02
100,815.94,140.97,77.28,0.00,-4.59000,17.87440,-0.01
100,815.94,82.98,77.28,0.00,-4.59000,17.87440,0.00
100,815.94,82.98,77.28,0.00,-4.59000,17.87440,-0.01
100,815.94,82.98,77.28,0.00,-4.59000,17.87440,0.00
100,815.94,82.98,77.28,0.00,-4.59000,17.87440,0.00
100,815.94,82.98,77.28,0.00,-4.59000,17.87440,-0.01
100,815.94,82.98,77.28,0.00,-4.59000,17.87440,0.01
100,815.94,82.98,77.28,0.00,-4.59000,17.87440,0.01
100,815.94,82.98,77.28,0.00,-4.59000,17.87440,0.01
100,815.94,82.98,77.28,0.00,-4.59000,17.87440,0.00
100,815.94,82.98,77.28,0.00,-4.59000,17.87440,-0.03
100,815.94,82.98,77.28,0.00,-4.59000,17.87440,0.00
100,815.94,82.98,77.28,0.00,-4.59000,17.87440,-0.02
100,815.94,119.00,77.28,0.00,-4.59000,17.87440,-0.02
100,815.94,119.00,77.28,0.00,-4.59000,17.87440,-0.01
100,815.94,119.00,77.28,0.00,-4.59000,17.87440,-0.01
100,815.94,119.00,77.28,0.00,-4.59000,17.87440,0.03
100,815.94,119.00,77.28,0.00,-4.59000,17.87440,0.03
100,815.94,119.00,77.28,0.00,-4.59000,17.87440,0.02
100,815.94,119.00,77.28,0.00,-4.59000,17.87440,0.00
100,815.94,119.00,77.28,0.00,-4.59000,17.87440,-0.01
100,815.94,119.00,77.28,0.00,-4.59000,17.87440,0.00
100,815.94,119.00,77.28,0.00,-4.59000,17.87440,0.00
100,815.94,119.00,77.28,0.00,-4.59000,17.87440,0.00
100,815.94,137.01,77.28,0.00,-4.59000,17.87440,0.03
100,815.94,137.01,77.28,0.00,-4.59000,17.87440,-0.01
100,815.94,137.01,77.28,0.00,-4.59000,17.87440,-0.01
100,815.94,137.01,77.28,0.00,-4.59000,17.87440,-0.00
100,815.94,137.01,77.28,0.00,-4.59000,17.87440,0.02
100,815.94,137.01,77.28,0.00,-4.59000,17.87440,0.00
100,815.94,137.01,77.28,0.00,-4.59000,17.87440,0.00
100,815.94,137.01,77.28,0.00,-4.59000,17.87440,0.00
100,815.94,137.01,77.28,0.00,-4.59000,17.87440,-0.01
100,815.94,137.01,77.28,0.00,-4.59000,17.87440,0.01
100,815.94,137.01,77.28,0.00,-4.59000,17.87440,-0.00
100,815.94,81.00,77.28,0.00,-4.59000,17.87440,-0.00
100,815.94,81.00,77.28,0.00,-4.59000,17.87440,0.01
100,815.94,81.00,77.28,0.00,-4.59000,17.87440,-0.01
100,815.94,81.00,77.28,0.00,-4.59000,17.87440,0.00
100,815.94,81.00,77.28,0.00,-4.59000,17.87440,-0.01
100,815.94,81.00,77.28,0.00,-4.59000,4.49280,-0.01
100,815.94,81.00,77.28,0.00,-4.59000,17.87440,0.01
100,815.94,81.00,77.28,0.00,-4.59000,17.87440,-0.01
100,815.94,81.00,77.28,0.00,-4.59000,17.87440,0.02
100,815.94,81.00,77.28,0.00,-4.59000,17.87440,0.02
100,815.94,81.00,77.28,0.00,-4.59000,17.87440,0.02
100,815.94,81.00,77.28,0.00,-4.59000,17.87440,-0.02
100,815.94,52.99,77.28,0.00,-4.59000,17.87440,-0.03
100,815.94,52.99,77.28,0.00,-4.59000,17.87440,0.01
100,815.94,52.99,77.28,0.00,-4.59000,17.87440,0.01
100,815.94,52.99,77.28,0.00,-4.59000,17.87440,-0.02
100,815.94,52.99,77.28,0.00,-4.59000,17.87440,-0.01
100,815.94,52.99,77.28,0.00,-4.59000,17.87440,0.02
100,815.94,52.99,77.28,0.00,-4.59000,17.87440,0.02
100,815.94,52.99,77.28,0.00,-4.59000,17.87440,-0.00
100,815.94,52.99,77.28,0.00,-4.59000,17.87440,0.02
100,815.94,52.99,77.28,0.00,-4.59000,17.87440,0.01
100,815.94,52.99,77.28,0.00,-4.59000,17.87440,-0.02
100,815.94,104.01,77.28,0.00,-4.59000,17.87440,-0.02
100,815.94,104.01,77.28,0.00,-4.59000,17.87440,0.02
100,815.94,104.01,77.28,0.00,-4.59000,17.87440,-0.03
100,815.94,104.01,77.28,0.00,-4.59000,17.87440,0.01
100,815.94,104.01,77.28,0.00,-4.59000,17.87440,0.01
100,815.94,104.01,77.28,0.00,-4.59000,17.87440,0.01
100,815.94,104.01,77.28,0.00,-4.59000,17.87440,0.01
100,815.94,104.01,77.28,0.00,-4.59000,17.75400,0.01
100,815.94,104.01,77.28,0.00,-4.59000,17.75400,-0.02
100,815.94,104.01,77.28,0.00,-4.59000,17.87440,-0.02
100,815.94,104.01,77.28,0.00,-4.59000,17.87440,-0.01
100,815.94,104.01,77.28,0.00,-4.59000,17.87440,-0.01
100,815.94,129.51,77.28,0.00,-4.59000,17.87440,-0.01
100,815.94,129.51,77.28,0.00,-4.59000,17.87440,-0.01
100,815.94,129.51,77.28,0.00,-4.59000,17.87440,0.00
100,815.94,129.51,77.28,0.00,-4.59000,17.87440,-0.01
100,815.94,129.51,77.28,0.00,-4.59000,17.87440,-0.00
100,815.94,129.51,77.28,0.00,-4.59000,17.87440,-0.01
100,815.94,129.51,77.28,0.00,-4.59000,4.49280,-0.01
100,815.94,129.51,77.28,0.00,-4.59000,17.87440,-0.03
100,815.94,129.51,77.28,0.00,-4.59000,17.87440,-0.01
100,815.94,129.51,77.28,0.00,-4.59000,17.87440,-0.02
100,815.94,129.51,77.28,0.00,-4.59000,17.87440,-0.02
100,815.94,142.26,77.28,0.00,-4.59000,17.87440,0.02
100,815.94,142.26,77.28,0.00,-4.59000,17.87440,-0.01
100,815.94,142.26,77.28,0.00,-4.59000,17.75400,-0.04
100,815.94,142.26,77.28,0.00,-4.59000,17.75400,-0.01
100,815.94,142.26,77.28,0.00,-4.59000,4.33800,-0.01
100,815.94,142.26,77.28,0.00,-4.59000,17.87440,0.00
100,815.94,142.26,77.28,0.00,-4.59000,17.87440,-0.01
100,815.94,142.26,77.28,0.00,-4.59000,17.87440,-0.01
100,815.94,142.26,77.28,0.00,-4.59000,17.87440,-0.01
100,815.94,142.26,77.28,0.00,-4.59000,17.87440,0.00
100,815.94,142.26,77.28,0.00,-4.59000,17.87440,-0.01
100,815.94,83.63,77.28,0.00,-4.59000,17.87440,-0.02
100,815.94,83.63,77.28,0.00,-4.59000,17.87440,0.00
100,815.94,83.63,77.28,0.00,-4.59000,17.87440,0.00
100,815.94,83.63,77.28,0.00,-4.59000,17.87440,-0.01
100,815.94,83.63,77.28,0.00,-4.59000,17.73680,-0.03
100,815.94,83.63,77.28,0.00,-4.59000,17.87440,-0.02
100,815.94,83.63,77.28,0.00,-4.59000,17.87440,-0.02
100,815.94,83.63,77.28,0.00,-4.59000,17.87440,0.01
100,815.94,83.63,77.28,0.00,-4.59000,17.87440,-0.02
100,815.94,83.63,77.28,0.00,-4.59000,17.73680,-0.02
100,815.94,83.63,77.28,0.00,-4.59000,17.73680,-0.01
100,815.94,83.63,77.28,0.00,-4.59000,17.87440,-0.01
100,815.94,119.32,77.28,0.00,-4.59000,17.87440,-0.01
100,815.94,119.32,77.28,0.00,-4.59000,17.87440,-0.00
100,815.94,119.32,77.28,0.00,-4.59000,17.87440,-0.01
100,815.94,119.32,77.28,0.00,-4.59000,17.87440,-0.01
100,815.94,119.32,77.28,0.00,-4.59000,17.87440,-0.01
100,815.94,119.32,77.28,0.00,-4.59000,17.87440,-0.02
100,815.94,119.32,77.28,0.00,-4.59000,17.87440,0.01
100,815.94,119.32,77.28,0.00,-4.59000,17.87440,-0.00
100,815.94,119.32,77.28,0.00,-4.59000,17.87440,-0.00
100,815.94,119.32,77.28,0.00,-4.59000,17.87440,0.03
100,815.94,119.32,77.28,0.00,-4.59000,17.87440,-0.03
100,815.94,137.17,77.28,0.00,-4.59000,17.87440,-0.01
100,815.94,137.17,77.28,0.00,-4.59000,17.87440,-0.01
100,815.94,137.17,77.28,0.00,-4.59000,17.87440,-0.01
100,815.94,137.17,77.28,0.00,-4.59000,17.87440,0.01
100,815.94,137.17,77.28,0.00,-4.59000,17.73680,-0.02
100,815.94,137.17,77.28,0.00,-4.59000,17.73680,-0.01
100,815.94,137.17,77.28,0.00,-4.59000,17.87440,-0.01
100,815.94,137.17,77.28,0.00,-4.59000,17.87440,-0.01
100,815.94,137.17,77.28,0.00,-4.59000,17.75400,-0.02
100,815.94,137.17,77.28,0.00,-4.59000,17.87440,0.01
100,815.94,137.17,77.28,0.00,-4.59000,17.87440,0.01
100,815.94,137.17,77.28,0.00,-4.59000,17.87440,-0.01
100,815.94,81.08,77.28,0.00,-4.59000,17.87440,0.01
100,815.94,81.08,77.28,0.00,-4.59000,17.87440,-0.00
100,815.94,81.08,77.28,0.00,-4.59000,17.87440,-0.01
100,815.94,81.08,77.28,0.00,-4.59000,17.87440,-0.01
100,815.94,81.08,77.28,0.00,-4.59000,17.87440,-0.00
100,815.94,81.08,77.28,0.00,-4.59000,17.87440,-0.00
100,815.94,81.08,77.28,0.00,-4.59000,17.87440,-0.01
100,815.94,81.08,77.28,0.00,-4.59000,17.87440,-0.01
100,815.94,81.08,77.28,0.00,-4.59000,17.87440,-0.03
100,815.94,81.08,77.28,0.00,-4.59000,17.87440,-0.00
100,815.94,81.08,77.28,0.00,-4.59000,17.87440,-0.00
100,815.94,118.05,77.28,0.00,-4.59000,17.87440,-0.01
100,815.94,118.05,77.28,0.00,-4.59000,17.87440,-0.01
100,815.94,118.05,77.28,0.00,-4.59000,17.87440,0.01
100,815.94,118.05,77.28,0.00,-4.59000,17.87440,0.02
100,815.94,118.05,77.28,0.00,-4.59000,17.75400,-0.01
100,815.94,118.05,77.28,0.00,-4.59000,17.75400,-0.01
100,815.94,118.05,77.28,0.00,-4.59000,17.87440,-0.01
100,815.94,118.05,77.28,0.00,-4.59000,17.87440,0.02
100,815.94,118.05,77.28,0.00,-4.59000,17.73680,-0.02
100,815.94,118.05,77.28,0.00,-4.59000,17.73680,-0.00
100,815.94,118.05,77.28,0.00,-4.59000,17.87440,-0.00
100,815.94,136.53,77.28,0.00,-4.59000,17.87440,-0.02
100,815.94,136.53,77.28,0.00,-4.59000,17.87440,0.03
100,815.94,136.53,77.28,0.00,-4.59000,17.73680,0.01
100,815.94,136.53,77.28,0.00,-4.59000,17.73680,0.01
100,815.94,136.53,77.28,0.00,-4.59000,17.87440,0.01
100,815.94,136.53,77.28,0.00,-4.59000,17.87440,-0.00
100,815.94,136.53,77.28,0.00,-4.59000,17.87440,0.01
100,815.94,136.53,77.28,0.00,-4.59000,17.87440,-0.01
100,815.94,136.53,77.28,0.00,-4.59000,17.87440,-0.01
100,815.94,136.53,77.28,0.00,-4.59000,17.87440,0.00
100,815.94,136.53,77.28,0.00,-4.59000,17.87440,0.01
100,815.94,136.53,77.28,0.00,-4.59000,17.73680,-0.00
100,815.94,80.76,77.28,0.00,-4.59000,17.73680,-0.00
100,815.94,80.76,77.28,0.00,-4.59000,17.87440,0.01
100,815.94,80.76,77.28,0.00,-4.59000,17.87440,-0.01
100,815.94,80.76,77.28,0.00,-4.59000,17.75400,0.01
100,815.94,80.76,77.28,0.00,-4.59000,17.75400,-0.01
100,815.94,80.76,77.28,0.00,-4.59000,17.87440,-0.01
100,815.94,80.76,77.28,0.00,-4.59000,17.87440,0.00
100,815.94,80.76,77.28,0.00,-4.59000,17.75400,-0.03
100,815.94,80.76,77.28,0.00,-4.59000,17.87440,-0.02
100,815.94,80.76,77.28,0.00,-4.59000,17.87440,-0.02
100,815.94,80.76,77.28,0.00,-4.59000,17.87440,-0.03
100,815.94,117.89,77.28,0.00,-4.59000,17.87440,0.00
100,815.94,117.89,77.28,0.00,-4.59000,17.87440,-0.03
100,815.94,117.89,77.28,0.00,-4.59000,17.87440,-0.01
100,815.94,117.89,77.28,0.00,-4.59000,17.87440,-0.01
100,815.94,117.89,77.28,0.00,-4.59000,17.87440,-0.02
100,815.94,117.89,77.28,0.00,-4.59000,17.87440,-0.01
100,815.94,117.89,77.28,0.00,-4.59000,17.87440,0.00
100,815.94,117.89,77.28,0.00,-4.59000,17.87440,0.00
100,815.94,117.89,77.28,0.00,-4.59000,17.87440,-0.01
100,815.94,117.89,77.28,0.00,-4.59000,17.87440,-0.03
100,815.94,117.89,77.28,0.00,-4.59000,17.87440,0.00
100,815.94,117.89,77.28,0.00,-4.59000,17.87440,0.02
100,815.94,71.44,77.28,0.00,-4.59000,17.87440,0.02
100,815.94,71.44,77.28,0.00,-4.59000,17.87440,-0.01
100,815.94,71.44,77.28,0.00,-4.59000,17.87440,-0.02
100,815.94,71.44,77.28,0.00,-4.59000,17.87440,-0.01
100,815.94,71.44,77.28,0.00,-4.59000,17.87440,-0.01
100,815.94,71.44,77.28,0.00,-4.59000,17.87440,-0.03
100,815.94,71.44,77.28,0.00,-4.59000,17.87440,0.02
100,815.94,71.44,77.28,0.00,-4.59000,17.87440,-0.00
100,815.94,71.44,77.28,0.00,-4.59000,17.87440,0.01
100,815.94,71.44,77.28,0.00,-4.59000,17.87440,0.01
100,815.94,71.44,77.28,0.00,-4.59000,17.87440,-0.02
100,815.94,48.21,77.28,0.00,-4.59000,17.87440,-0.00
100,815.94,48.21,77.28,0.00,-4.59000,17.87440,0.01
100,815.94,48.21,77.28,0.00,-4.59000,17.87440,0.01
100,815.94,48.21,77.28,0.00,-4.59000,17.87440,-0.01
100,815.94,48.21,77.28,0.00,-4.59000,17.87440,-0.00
100,815.94,48.21,77.28,0.00,-4.59000,17.87440,0.00
100,815.94,48.21,77.28,0.00,-4.59000,17.87440,0.00
100,815.94,48.21,77.28,0.00,-4.59000,17.87440,0.00
100,815.94,48.21,77.28,0.00,-4.59000,17.87440,-0.00
100,815.94,48.21,77.28,0.00,-4.59000,17.87440,-0.03
100,815.94,48.21,77.28,0.00,-4.59000,17.73680,-0.02
100,815.94,101.61,77.28,0.00,-4.59000,17.73680,-0.02
100,815.94,101.61,77.28,0.00,-4.59000,17.87440,0.01
100,815.94,101.61,77.28,0.00,-4.59000,17.87440,-0.00
100,815.94,101.61,77.28,0.00,-4.59000,17.75400,-0.01
100,815.94,101.61,77.28,0.00,-4.59000,17.75400,0.01
100,815.94,101.61,77.28,0.00,-4.59000,17.87440,0.01
100,815.94,101.61,77.28,0.00,-4.59000,17.87440,0.02
100,815.94,101.61,77.28,0.00,-4.59000,17.87440,0.01
100,815.94,101.61,77.28,0.00,-4.59000,17.87440,0.02
100,815.94,101.61,77.28,0.00,-4.59000,17.87440,0.02
100,815.94,101.61,77.28,0.00,-4.59000,17.87440,-0.01
100,815.94,101.61,77.28,0.00,-4.59000,17.87440,-0.00
100,815.94,63.30,77.28,0.00,-4.59000,17.87440,-0.01
100,815.94,63.30,77.28,0.00,-4.59000,17.87440,0.01
100,815.94,63.30,77.28,0.00,-4.59000,17.87440,0.01
100,815.94,63.30,77.28,0.00,-4.59000,17.87440,0.00
100,815.94,63.30,77.28,0.00,-4.59000,17.87440,0.00
100,815.94,63.30,77.28,0.00,-4.59000,17.87440,-0.03
100,815.94,63.30,77.28,0.00,-4.59000,17.87440,-0.03
100,815.94,63.30,77.28,0.00,-4.59000,17.87440,-0.02
100,815.94,63.30,77.28,0.00,-4.59000,17.87440,-0.01
100,815.94,63.30,77.28,0.00,-4.59000,17.87440,0.01
100,815.94,63.30,77.28,0.00,-4.59000,17.87440,0.01
100,815.94,109.16,77.28,0.00,-4.59000,17.87440,0.01
100,815.94,109.16,77.28,0.00,-4.59000,17.87440,0.01
100,815.94,109.16,77.28,0.00,-4.59000,17.87440,-0.01
100,815.94,109.16,77.28,0.00,-4.59000,17.87440,0.02
100,815.94,109.16,77.28,0.00,-4.59000,17.87440,0.02
100,815.94,109.16,77.28,0.00,-4.59000,17.87440,-0.00
100,815.94,109.16,77.28,0.00,-4.59000,17.87440,-0.03
100,815.94,109.16,77.28,0.00,-4.59000,17.87440,0.01
100,815.94,109.16,77.28,0.00,-4.59000,17.87440,0.00
100,815.94,109.16,77.28,0.00,-4.59000,17.87440,0.00
100,815.94,109.16,77.28,0.00,-4.59000,17.87440,-0.02
100,815.94,109.16,77.28,0.00,-4.59000,17.75400,-0.03
100,815.94,132.09,77.28,0.00,-4.59000,17.87440,0.01
100,815.94,132.09,77.28,0.00,-4.59000,17.87440,0.01
100,815.94,132.09,77.28,0.00,-4.59000,17.87440,-0.01
100,815.94,132.09,77.28,0.00,-4.59000,17.87440,0.04
100,815.94,132.09,77.28,0.00,-4.59000,17.75400,0.02
100,815.94,132.09,77.28,0.00,-4.59000,17.75400,-0.03
100,815.94,132.09,77.28,0.00,-4.59000,17.87440,-0.03
100,815.94,132.09,77.28,0.00,-4.59000,17.87440,0.01
100,815.94,132.09,77.28,0.00,-4.59000,17.87440,0.02
100,815.94,132.09,77.28,0.00,-4.59000,17.73680,-0.00
100,815.94,132.09,77.28,0.00,-4.59000,17.73680,-0.00
100,815.94,78.54,77.28,0.00,-4.59000,17.87440,0.00
100,815.94,78.54,77.28,0.00,-4.59000,17.87440,0.02
100,815.94,78.54,77.28,0.00,-4.59000,17.87440,0.01
100,815.94,78.54,77.28,0.00,-4.59000,17.87440,0.03
100,815.94,78.54,77.28,0.00,-4.59000,17.87440,0.03
100,815.94,78.54,77.28,0.00,-4.59000,17.87440,0.01
100,815.94,78.54,77.28,0.00,-4.59000,17.87440,-0.01
100,815.94,78.54,77.28,0.00,-4.59000,17.87440,-0.01
100,815.94,78.54,77.28,0.00,-4.59000,17.87440,-0.01
100,815.94,78.54,77.28,0.00,-4.59000,17.87440,0.02
100,815.94,78.54,77.28,0.00,-4.59000,17.87440,-0.02
100,815.94,51.76,77.28,0.00,-4.59000,17.87440,0.00
100,815.94,51.76,77.28,0.00,-4.59000,17.87440,-0.01
100,815.94,51.76,77.28,0.00,-4.59000,17.87440,-0.01
100,815.94,51.76,77.28,0.00,-4.59000,17.87440,0.03
100,815.94,51.76,77.28,0.00,-4.59000,17.87440,-0.00
100,815.94,51.76,77.28,0.00,-4.59000,17.87440,-0.02
100,815.94,51.76,77.28,0.00,-4.59000,17.87440,-0.02
100,815.94,51.76,77.28,0.00,-4.59000,17.87440,0.02
100,815.94,51.76,77.28,0.00,-4.59000,17.87440,0.01
100,815.94,51.76,77.28,0.00,-4.59000,17.87440,0.01
100,815.94,51.76,77.28,0.00,-4.59000,17.87440,-0.00
100,815.94,51.76,77.28,0.00,-4.59000,4.49280,-0.00
100,815.94,38.38,77.28,0.00,-4.59000,17.87440,-0.01
100,815.94,38.38,77.28,0.00,-4.59000,17.87440,0.00
100,815.94,38.38,77.28,0.00,-4.59000,17.87440,0.00
100,815.94,38.38,77.28,0.00,-4.59000,17.87440,0.00
100,815.94,38.38,77.28,0.00,-4.59000,17.87440,-0.01
100,815.94,38.38,77.28,0.00,-4.59000,17.87440,0.01
100,815.94,38.38,77.28,0.00,-4.59000,17.87440,0.00
100,815.94,38.38,77.28,0.00,-4.59000,17.87440,0.00
100,815.94,38.38,77.28,0.00,-4.59000,17.87440,0.00
100,815.94,38.38,77.28,0.00,-4.59000,17.87440,0.02
100,815.94,38.38,77.28,0.00,-4.59000,17.87440,-0.01
100,815.94,31.68,77.28,0.00,-4.59000,17.87440,0.02
100,815.94,31.68,77.28,0.00,-4.59000,17.87440,0.02
100,815.94,31.68,77.28,0.00,-4.59000,17.87440,0.00
100,815.94,31.68,77.28,0.00,-4.59000,17.87440,0.01
100,815.94,31.68,77.28,0.00,-4.59000,17.73680,-0.01
100,815.94,31.68,77.28,0.00,-4.59000,17.73680,-0.01
100,815.94,31.68,77.28,0.00,-4.59000,4.49280,-0.01
100,815.94,31.68,77.28,0.00,-4.59000,17.87440,0.02
100,815.94,31.68,77.28,0.00,-4.59000,17.87440,0.02
100,815.94,31.68,77.28,0.00,-4.59000,17.87440,0.02
100,815.94,31.68,77.28,0.00,-4.59000,17.87440,0.02
100,815.94,31.68,77.28,0.00,-4.59000,17.87440,-0.01
100,815.94,28.34,77.28,0.00,-4.59000,17.87440,-0.02
100,815.94,28.34,77.28,0.00,-4.59000,17.87440,0.00
100,815.94,28.34,77.28,0.00,-4.59000,17.87440,0.01
100,815.94,28.34,77.28,0.00,-4.59000,17.87440,0.01
100,815.94,28.34,77.28,0.00,-4.59000,17.87440,0.01
100,815.94,28.34,77.28,0.00,-4.59000,17.87440,0.02
100,815.94,28.34,77.28,0.00,-4.59000,17.87440,0.02
100,815.94,28.34,77.28,0.00,-4.59000,17.87440,0.02
100,815.94,28.34,77.28,0.00,-4.59000,17.87440,0.01
100,815.94,28.34,77.28,0.00,-4.59000,17.87440,0.01
100,815.94,28.34,77.28,0.00,-4.59000,17.87440,-0.01
100,815.94,91.68,77.28,0.00,-4.59000,17.87440,0.01
100,815.94,91.68,77.28,0.00,-4.59000,17.87440,0.01
100,815.94,91.68,77.28,0.00,-4.59000,17.87440,-0.00
100,815.94,91.68,77.28,0.00,-4.59000,17.87440,-0.01
100,815.94,91.68,77.28,0.00,-4.59000,17.87440,0.00
100,815.94,91.68,77.28,0.00,-4.59000,17.87440,0.00
100,815.94,91.68,77.28,0.00,-4.59000,17.87440,-0.01
100,815.94,91.68,77.28,0.00,-4.59000,17.87440,0.02
100,815.94,91.68,77.28,0.00,-4.59000,17.87440,0.01
100,815.94,91.68,77.28,0.00,-4.59000,17.87440,0.04
100,815.94,91.68,77.28,0.00,-4.59000,17.87440,0.04
100,815.94,58.33,77.28,0.00,-4.59000,17.87440,0.02
100,815.94,58.33,77.28,0.00,-4.59000,17.87440,-0.01
100,815.94,58.33,77.28,0.00,-4.59000,17.87440,-0.00
100,815.94,58.33,77.28,0.00,-4.59000,17.87440,-0.00
100,815.94,58.33,77.28,0.00,-4.59000,17.87440,0.00
100,815.94,58.33,77.28,0.00,-4.59000,17.87440,-0.01
100,815.94,58.33,77.28,0.00,-4.59000,17.87440,0.00
100,815.94,58.33,77.28,0.00,-4.59000,17.87440,0.01
100,815.94,58.33,77.28,0.00,-4.59000,17.87440,0.01
100,815.94,58.33,77.28,0.00,-4.59000,17.87440,-0.01
100,815.94,58.33,77.28,0.00,-4.59000,17.87440,0.02
100,815.94,58.33,77.28,0.00,-4.59000,17.87440,-0.00
100,815.94,106.67,77.28,0.00,-4.59000,17.87440,-0.00
100,815.94,106.67,77.28,0.00,-4.59000,17.87440,0.00
100,815.94,106.67,77.28,0.00,-4.59000,17.87440,0.01
100,815.94,106.67,77.28,0.00,-4.59000,17.87440,0.01
100,815.94,106.67,77.28,0.00,-4.59000,17.87440,-0.02
100,815.94,106.67,77.28,0.00,-4.59000,17.87440,-0.02
100,815.94,106.67,77.28,0.00,-4.59000,17.87440,0.02
100,815.94,106.67,77.28,0.00,-4.59000,17.87440,0.01
100,815.94,106.67,77.28,0.00,-4.59000,17.87440,0.02
100,815.94,106.67,77.28,0.00,-4.59000,17.87440,0.02
100,815.94,106.67,77.28,0.00,-4.59000,17.87440,0.03
100,815.94,65.83,77.28,0.00,-4.59000,17.87440,-0.01
100,815.94,65.83,77.28,0.00,-4.59000,17.75400,0.00
100,815.94,65.83,77.28,0.00,-4.59000,17.75400,0.01
100,815.94,65.83,77.28,0.00,-4.59000,4.78520,0.01
100,815.94,65.83,77.28,0.00,-4.59000,17.87440,0.01
100,815.94,65.83,77.28,0.00,-4.59000,17.87440,-0.01
100,815.94,65.83,77.28,0.00,-4.59000,17.87440,0.03
100,815.94,65.83,77.28,0.00,-4.59000,17.87440,0.03
100,815.94,65.83,77.28,0.00,-4.59000,17.87440,0.03
100,815.94,65.83,77.28,0.00,-4.59000,17.87440,0.02
100,815.94,65.83,77.28,0.00,-4.59000,17.73680,0.00
100,815.94,65.83,77.28,0.00,-4.59000,17.73680,0.00
100,815.94,110.42,77.28,0.00,-4.59000,17.87440,0.00
100,815.94,110.42,77.28,0.00,-4.59000,17.87440,0.02
100,815.94,110.42,77.28,0.00,-4.59000,17.87440,-0.02
100,815.94,110.42,77.28,0.00,-4.59000,17.87440,0.01
100,815.94,110.42,77.28,0.00,-4.59000,17.87440,0.01
100,815.94,110.42,77.28,0.00,-4.59000,17.87440,-0.00
100,815.94,110.42,77.28,0.00,-4.59000,17.87440,0.01
100,815.94,110.42,77.28,0.00,-4.59000,17.87440,0.01
100,815.94,110.42,77.28,0.00,-4.59000,17.87440,-0.00
100,815.94,110.42,77.28,0.00,-4.59000,17.87440,-0.00
100,815.94,110.42,77.28,0.00,-4.59000,17.87440,0.02
100,815.94,67.71,77.28,0.00,-4.59000,17.87440,0.02
100,815.94,67.71,77.28,0.00,-4.59000,17.87440,0.03
100,815.94,67.71,77.28,0.00,-4.59000,17.87440,0.03
100,815.94,67.71,77.28,0.00,-4.59000,17.87440,0.04
100,815.94,67.71,77.28,0.00,-4.59000,17.87440,0.01
100,815.94,67.71,77.28,0.00,-4.59000,17.87440,0.01
100,815.94,67.71,77.28,0.00,-4.59000,17.87440,0.00
100,815.94,67.71,77.28,0.00,-4.59000,17.87440,0.00
100,815.94,67.71,77.28,0.00,-4.59000,17.87440,-0.01
100,815.94,67.71,77.28,0.00,-4.59000,17.87440,-0.00
100,815.94,67.71,77.28,0.00,-4.59000,17.87440,0.01
100,815.94,111.36,77.28,0.00,-4.59000,17.87440,0.01
100,815.94,111.36,77.28,0.00,-4.59000,17.87440,0.01
100,815.94,111.36,77.28,0.00,-4.59000,17.87440,0.01
100,815.94,111.36,77.28,0.00,-4.59000,17.87440,0.02
100,815.94,111.36,77.28,0.00,-4.59000,17.87440,0.01
100,815.94,111.36,77.28,0.00,-4.59000,17.87440,0.01
100,815.94,111.36,77.28,0.00,-4.59000,17.87440,0.02
100,815.94,111.36,77.28,0.00,-4.59000,17.87440,0.01
100,815.94,111.36,77.28,0.00,-4.59000,17.87440,0.00
100,815.94,111.36,77.28,0.00,-4.59000,17.87440,0.00
100,815.94,111.36,77.28,0.00,-4.59000,17.87440,0.01
100,815.94,111.36,77.28,0.00,-4.59000,17.87440,0.01
100,815.94,133.19,77.28,0.00,-4.59000,17.87440,-0.02
100,815.94,133.19,77.28,0.00,-4.59000,17.87440,0.01
100,815.94,133.19,77.28,0.00,-4.59000,17.87440,0.01
100,815.94,133.19,77.28,0.00,-4.59000,17.87440,-0.01
100,815.94,133.19,77.28,0.00,-4.59000,17.87440,-0.00
100,815.94,133.19,77.28,0.00,-4.59000,17.87440,-0.02
100,815.94,133.19,77.28,0.00,-4.59000,17.87440,-0.02
100,815.94,133.19,77.28,0.00,-4.59000,17.87440,-0.01
100,815.94,133.19,77.28,0.00,-4.59000,17.87440,0.00
100,815.94,133.19,77.28,0.00,-4.59000,17.87440,0.04
100,815.94,133.19,77.28,0.00,-4.59000,17.87440,-0.01
100,815.94,144.10,77.28,0.00,-4.59000,4.51000,-0.01
100,815.94,144.10,77.28,0.00,-4.59000,17.87440,0.01
100,815.94,144.10,77.28,0.00,-4.59000,17.87440,-0.03
100,815.94,144.10,77.28,0.00,-4.59000,17.87440,0.00
100,815.94,144.10,77.28,0.00,-4.59000,17.87440,0.00
100,815.94,144.10,77.28,0.00,-4.59000,17.87440,0.01
100,815.94,144.10,77.28,0.00,-4.59000,17.87440,0.00
100,815.94,144.10,77.28,0.00,-4.59000,17.87440,-0.02
100,815.94,144.10,77.28,0.00,-4.59000,17.87440,-0.00
100,815.94,144.10,77.28,0.00,-4.59000,17.87440,-0.00
100,815.94,144.10,77.28,0.00,-4.59000,17.87440,-0.00
100,815.94,144.10,77.28,0.00,-4.59000,17.87440,-0.03
100,815.94,149.56,77.28,0.00,-4.59000,17.87440,0.01
100,815.94,149.56,77.28,0.00,-4.59000,17.87440,0.01
100,815.94,149.56,77.28,0.00,-4.59000,17.87440,0.01
100,815.94,149.56,77.28,0.00,-4.59000,17.87440,-0.01
100,815.94,149.56,77.28,0.00,-4.59000,17.75400,-0.01
100,815.94,149.56,77.28,0.00,-4.59000,17.75400,0.02
100,815.94,149.56,77.28,0.00,-4.59000,17.87440,0.02
100,815.94,149.56,77.28,0.00,-4.59000,17.87440,0.01
100,815.94,149.56,77.28,0.00,-4.59000,17.87440,0.01
100,815.94,149.56,77.28,0.00,-4.59000,17.87440,0.01
100,815.94,149.56,77.28,0.00,-4.59000,17.87440,0.01
100,815.94,152.29,77.28,0.00,-4.59000,17.87440,0.01
100,815.94,152.29,77.28,0.00,-4.59000,17.87440,-0.01
100,815.94,152.29,77.28,0.00,-4.59000,17.87440,-0.00
100,815.94,152.29,77.28,0.00,-4.59000,17.87440,-0.00
100,815.94,152.29,77.28,0.00,-4.59000,17.87440,-0.00
100,815.94,152.29,77.28,0.00,-4.59000,17.87440,0.01
100,815.94,152.29,77.28,0.00,-4.59000,17.87440,0.01
100,815.94,152.29,77.28,0.00,-4.59000,17.87440,-0.02
100,815.94,152.29,77.28,0.00,-4.59000,17.87440,-0.02
100,815.94,152.29,77.28,0.00,-4.59000,17.87440,-0.00
100,815.94,152.29,77.28,0.00,-4.59000,17.87440,-0.01
100,815.94,153.65,77.28,0.00,-4.59000,17.87440,-0.00
100,815.94,153.65,77.28,0.00,-4.59000,17.87440,0.02
100,815.94,153.65,77.28,0.00,-4.59000,17.87440,0.02
100,815.94,153.65,77.28,0.00,-4.59000,17.87440,0.02
100,815.94,153.65,77.28,0.00,-4.59000,17.87440,0.04
100,815.94,153.65,77.28,0.00,-4.59000,17.87440,-0.01
100,815.94,153.65,77.28,0.00,-4.59000,17.87440,-0.01
100,815.94,153.65,77.28,0.00,-4.59000,17.87440,-0.01
100,815.94,153.65,77.28,0.00,-4.59000,17.87440,0.01
100,815.94,153.65,77.28,0.00,-4.59000,17.87440,-0.03
100,815.94,153.65,77.28,0.00,-4.59000,17.87440,0.01
100,815.94,153.65,77.28,0.00,-4.59000,17.87440,0.01
100,815.94,89.32,77.28,0.00,-4.59000,17.87440,-0.00
100,815.94,89.32,77.28,0.00,-4.59000,17.87440,0.03
100,815.94,89.32,77.28,0.00,-4.59000,17.87440,-0.01
100,815.94,89.32,77.28,0.00,-4.59000,17.87440,-0.01
100,815.94,89.32,77.28,0.00,-4.59000,17.87440,0.00
100,815.94,89.32,77.28,0.00,-4.59000,17.87440,0.00
100,815.94,89.32,77.28,0.00,-4.59000,17.87440,0.01
100,815.94,89.32,77.28,0.00,-4.59000,17.87440,0.01
100,815.94,89.32,77.28,0.00,-4.59000,17.87440,0.01
100,815.94,89.32,77.28,0.00,-4.59000,17.87440,-0.01
100,815.94,89.32,77.28,0.00,-4.59000,17.75400,-0.01
100,815.94,57.16,77.28,0.00,-4.59000,17.87440,0.01
100,815.94,57.16,77.28,0.00,-4.59000,17.87440,0.01
100,815.94,57.16,77.28,0.00,-4.59000,17.87440,-0.01
100,815.94,57.16,77.28,0.00,-4.59000,17.87440,-0.01
100,815.94,57.16,77.28,0.00,-4.59000,17.87440,0.01
100,815.94,57.16,77.28,0.00,-4.59000,17.87440,-0.01
100,815.94,57.16,77.28,0.00,-4.59000,4.32080,-0.01
100,815.94,57.16,77.28,0.00,-4.59000,17.87440,0.01
100,815.94,57.16,77.28,0.00,-4.59000,17.87440,0.02
100,815.94,57.16,77.28,0.00,-4.59000,17.87440,0.01
100,815.94,57.16,77.28,0.00,-4.59000,17.87440,0.01
100,815.94,57.16,77.28,0.00,-4.59000,17.87440,-0.02
100,815.94,106.09,77.28,0.00,-4.59000,17.87440,-0.00
100,815.94,106.09,77.28,0.00,-4.59000,17.87440,-0.02
100,815.94,106.09,77.28,0.00,-4.59000,17.87440,0.01
100,815.94,106.09,77.28,0.00,-4.59000,17.87440,0.01
100,815.94,106.09,77.28,0.00,-4.59000,17.87440,0.01
100,815.94,106.09,77.28,0.00,-4.59000,17.87440,0.02
100,815.94,106.09,77.28,0.00,-4.59000,17.87440,0.02
100,815.94,106.09,77.28,0.00,-4.59000,17.87440,0.02
100,815.94,106.09,77.28,0.00,-4.59000,17.87440,-0.00
100,815.94,106.09,77.28,0.00,-4.59000,17.87440,-0.01
100,815.94,106.09,77.28,0.00,-4.59000,17.87440,-0.00
100,815.94,65.54,77.28,0.00,-4.59000,17.87440,-0.02
100,815.94,65.54,77.28,0.00,-4.59000,4.33800,-0.02
100,815.94,65.54,77.28,0.00,-4.59000,17.87440,-0.01
100,815.94,65.54,77.28,0.00,-4.59000,17.87440,-0.02
100,815.94,65.54,77.28,0.00,-4.59000,17.87440,-0.02
100,815.94,65.54,77.28,0.00,-4.59000,17.87440,-0.02
100,815.94,65.54,77.28,0.00,-4.59000,17.87440,-0.01
100,815.94,65.54,77.28,0.00,-4.59000,17.87440,0.01
100,815.94,65.54,77.28,0.00,-4.59000,17.87440,0.01
100,815.94,65.54,77.28,0.00,-4.59000,17.87440,0.00
100,815.94,65.54,77.28,0.00,-4.59000,17.87440,0.00
100,815.94,45.26,77.28,0.00,-4.59000,17.87440,0.02
100,815.94,45.26,77.28,0.00,-4.59000,17.87440,-0.01
100,815.94,45.26,77.28,0.00,-4.59000,17.87440,0.00
100,815.94,45.26,77.28,0.00,-4.59000,17.87440,0.00
100,815.94,45.26,77.28,0.00,-4.59000,17.87440,-0.00
100,815.94,45.26,77.28,0.00,-4.59000,17.87440,-0.01
100,815.94,45.26,77.28,0.00,-4.59000,17.87440,0.02
100,815.94,45.26,77.28,0.00,-4.59000,17.87440,0.01
100,815.94,45.26,77.28,0.00,-4.59000,17.87440,0.01
100,815.94,45.26,77.28,0.00,-4.59000,17.87440,0.01
100,815.94,45.26,77.28,0.00,-4.59000,17.87440,0.00
100,815.94,45.26,77.28,0.00,-4.59000,17.87440,-0.02
100,815.94,35.13,77.28,0.00,-4.59000,17.87440,-0.02
100,815.94,35.13,77.28,0.00,-4.59000,17.87440,-0.00
100,815.94,35.13,77.28,0.00,-4.59000,17.87440,-0.00
100,815.94,35.13,77.28,0.00,-4.59000,17.75400,0.01
100,815.94,35.13,77.28,0.00,-4.59000,17.75400,-0.02
100,815.94,35.13,77.28,0.00,-4.59000,4.51000,-0.02
100,815.94,35.13,77.28,0.00,-4.59000,17.87440,-0.03
100,815.94,35.13,77.28,0.00,-4.59000,17.87440,0.00
100,815.94,35.13,77.28,0.00,-4.59000,17.75400,-0.01
100,815.94,35.13,77.28,0.00,-4.59000,17.75400,-0.01
100,815.94,35.13,77.28,0.00,-4.59000,17.87440,0.01
100,815.94,95.07,77.28,0.00,-4.59000,17.87440,0.03
100,815.94,95.07,77.28,0.00,-4.59000,17.87440,-0.01
100,815.94,95.07,77.28,0.00,-4.59000,17.87440,-0.03
100,815.94,95.07,77.28,0.00,-4.59000,17.87440,-0.03
100,815.94,95.07,77.28,0.00,-4.59000,17.87440,-0.03
100,815.94,95.07,77.28,0.00,-4.59000,17.87440,-0.03
100,815.94,95.07,77.28,0.00,-4.59000,17.87440,-0.01
100,815.94,95.07,77.28,0.00,-4.59000,17.87440,-0.01
100,815.94,95.07,77.28,0.00,-4.59000,17.87440,-0.02
100,815.94,95.07,77.28,0.00,-4.59000,17.87440,0.01
100,815.94,95.07,77.28,0.00,-4.59000,17.87440,-0.01
100,815.94,95.07,77.28,0.00,-4.59000,17.87440,-0.03
100,815.94,60.03,77.28,0.00,-4.59000,17.87440,-0.03
100,815.94,60.03,77.28,0.00,-4.59000,17.87440,-0.01
100,815.94,60.03,77.28,0.00,-4.59000,17.87440,-0.00
100,815.94,60.03,77.28,0.00,-4.59000,17.87440,-0.02
100,815.94,60.03,77.28,0.00,-4.59000,17.87440,-0.02
100,815.94,60.03,77.28,0.00,-4.59000,17.87440,-0.00
100,815.94,60.03,77.28,0.00,-4.59000,17.87440,-0.01
100,815.94,60.03,77.28,0.00,-4.59000,17.87440,-0.01
100,815.94,60.03,77.28,0.00,-4.59000,17.87440,-0.02
100,815.94,60.03,77.28,0.00,-4.59000,17.87440,-0.02
100,815.94,60.03,77.28,0.00,-4.59000,17.87440,0.02
100,815.94,42.51,77.28,0.00,-4.59000,17.87440,-0.00
100,815.94,42.51,77.28,0.00,-4.59000,17.87440,-0.00
100,815.94,42.51,77.28,0.00,-4.59000,17.87440,-0.00
100,815.94,42.51,77.28,0.00,-4.59000,17.87440,0.01
100,815.94,42.51,77.28,0.00,-4.59000,17.87440,-0.02
100,815.94,42.51,77.28,0.00,-4.59000,17.87440,0.03
100,815.94,42.51,77.28,0.00,-4.59000,17.87440,0.02
100,815.94,42.51,77.28,0.00,-4.59000,17.87440,0.02
100,815.94,42.51,77.28,0.00,-4.59000,17.87440,-0.01
100,815.94,42.51,77.28,0.00,-4.59000,17.75400,-0.03
100,815.94,42.51,77.28,0.00,-4.59000,17.87440,0.00
100,815.94,98.76,77.28,0.00,-4.59000,17.87440,0.00
100,815.94,98.76,77.28,0.00,-4.59000,17.87440,0.00
100,815.94,98.76,77.28,0.00,-4.59000,17.87440,-0.01
100,815.94,98.76,77.28,0.00,-4.59000,17.87440,0.01
100,815.94,98.76,77.28,0.00,-4.59000,17.87440,-0.01
